364456.374036312 1.712390000     -0.247401000    0.115890000     89.121994875    -0.013199960    90.389902006    0.000000000     
364456.574106455 1.712390000     -0.247401000    0.115890000     89.121994875    -0.013199960    90.389902006    0.000000000     
364456.774084330 1.712390000     -0.247401000    0.115890000     89.121994875    -0.013199960    90.389902006    0.000000000     
364456.974213600 1.712390000     -0.247401000    0.115890000     89.121994875    -0.013199960    90.389902006    0.000000000     
364457.174117804 1.712390000     -0.247401000    0.115890000     89.121994875    -0.013199960    90.389902006    0.000000000     
364457.374026060 1.712390000     -0.247401000    0.115890000     89.121994875    -0.013199960    90.389902006    0.000000000     
364457.573940277 1.712390000     -0.247401000    0.115890000     89.121994875    -0.013199960    90.389902006    0.000000000     
364457.776454210 1.712390000     -0.247401000    0.115890000     89.121994875    -0.013199960    90.389902006    0.000000000     
364457.973961830 1.712390000     -0.247401000    0.115890000     89.121994875    -0.013199960    90.389902006    0.000000000     
364458.174047947 1.799134619     0.002517536     0.016259582     89.767614559    -4.001322628    88.825476808    0.001791455     
364458.375929810 1.732063120     -0.004225962    -0.001411764    89.571682631    -4.479504768    88.818340109    0.002091607     
364458.575971088 1.753898971     -0.123402779    -0.118806592    89.520780018    -4.669399362    89.220497269    0.002195905     
364458.676123103 1.725095461     -0.180629073    -0.082725420    89.559015622    -4.563695405    89.399221698    0.002228727     
364458.776372900 1.646240652     -0.219436088    -0.036297984    89.574965050    -4.398928197    89.427664558    0.002425332     
364458.876511951 1.598563156     -0.304854779    -0.038922675    89.628755340    -3.712314632    89.646572517    0.002466289     
364459.076536317 1.505953713     -0.350761515    -0.111810481    89.737754952    -2.224063483    89.701570237    0.002366219     
364459.176578436 1.504676379     -0.403971173    0.000968868     89.939278335    -1.974028976    90.034576369    0.002328603     
364459.376428096 1.482355137     -0.324475495    0.073482875     89.850499125    -1.760691574    89.868167683    0.002265467     
364459.577865376 1.462354689     -0.343666422    0.065781398     89.816238673    -1.435462581    89.909227510    0.002544425     
364459.776783250 1.403963366     -0.354126939    0.081682905     89.783633703    -1.045751716    89.762853247    0.002424252     
364459.876659654 1.428360072     -0.369086843    0.088364619     89.710309617    -0.812078303    89.893990277    0.002505202     
364459.976502192 1.357682183     -0.408499343    0.108859440     89.706693261    -0.454248408    89.916535036    0.002465074     
364460.076479499 1.346665695     -0.383519110    0.098880087     89.743703404    -0.501004959    89.830256557    0.002688794     
364460.176932244 1.404403927     -0.361457857    0.118620270     89.796664904    -0.410776573    89.841609376    0.002581540     
364460.276669684 1.525450373     -0.383589234    0.136869820     89.841094204    -0.264086581    89.914487041    0.002541708     
364460.376718448 1.542319983     -0.422527935    0.139560183     89.839875296    -0.204074454    90.064475940    0.002592949     
364460.476631092 1.531450459     -0.443228065    0.140646800     89.803519897    -0.199114515    90.150415831    0.002568268     
364460.576700138 1.497109724     -0.460580262    0.155976005     89.751740213    -0.147370762    90.140374962    0.002691900     
364460.676611685 1.477229772     -0.459656663    0.168457190     89.746500624    -0.067950046    90.143426673    0.002730584     
364460.777147031 1.493857987     -0.462886946    0.155278328     89.657285281    -0.100224090    90.254131679    0.002754616     
364460.876660990 1.531191042     -0.463421904    0.163255855     89.653219308    0.013544136     90.252169702    0.002713469     
364460.976830033 1.538989781     -0.463339389    0.162655149     89.647602139    -0.002778914    90.249922203    0.002774079     
364461.076926548 1.544299945     -0.472972449    0.160769780     89.638182732    -0.055865231    90.310182104    0.002795311     
364461.276734669 1.580521991     -0.464573070    0.150208646     89.501944979    -0.034223670    90.240580211    0.002674428     
364461.376816121 1.580404900     -0.461861404    0.154189473     89.499046210    -0.080723900    90.253364417    0.002659463     
364461.476755284 1.567247652     -0.466636412    0.156880048     89.499483292    0.016553398     90.259504235    0.002662338     
364461.576730408 1.567113093     -0.472617180    0.159900938     89.500618324    -0.013614982    90.267255439    0.002671958     
364461.676769019 1.561146647     -0.487717936    0.164614398     89.512578741    -0.028126968    90.333765967    0.002655102     
364461.776728869 1.559004524     -0.486801461    0.167210848     89.511627087    -0.047256009    90.344822938    0.002695611     
364461.876784613 1.550440059     -0.499304916    0.167211306     89.505673866    -0.053927221    90.421164370    0.002708941     
364461.977021962 1.552952257     -0.493809155    0.168897806     89.504690449    -0.097457504    90.388862474    0.002676354     
364462.077042208 1.564229148     -0.496221317    0.172279723     89.505024120    -0.024298408    90.391468381    0.002672143     
364462.176925607 1.572199844     -0.493476649    0.161155811     89.412559966    -0.019312743    90.373378272    0.002640868     
364462.276852751 1.581832236     -0.490898849    0.164212453     89.428637095    -0.047967327    90.369736121    0.002604110     
364462.376699550 1.568537132     -0.484862974    0.163889436     89.430079803    -0.087752973    90.365848784    0.002552909     
364462.476738615 1.587810216     -0.488784680    0.161229918     89.432668365    -0.129095298    90.363751452    0.002528789     
364462.576618078 1.607726417     -0.481059422    0.143937680     89.364799330    -0.311469793    90.307055563    0.002532259     
364462.676647917 1.618111651     -0.485268751    0.141746945     89.348688827    -0.338408730    90.331757106    0.002547345     
