73.985127800    -8.498052195    0.235635447     
83.823234296    -13.022382765   -5.404786802    
22.364475168    1.860757789     2.296464390     
31.214053904    -4.764453418    1.819679030     
74.030385029    -28.110906791   -5.531105994    
72.690778245    -31.628599179   -6.624157670    
24.000001015    2.057528324     -1.032712555    
62.670828281    -23.466409284   -11.402605826   
56.640060170    -15.608820217   -6.241737019    
80.258093077    -37.111689190   -8.864642690    
34.191658679    10.904863253    1.172327663     
22.484495140    3.144636870     -0.392875075    
27.189045462    5.288533254     -0.098963638    
39.440118809    -12.477879367   0.942970146     
75.575843947    -47.392396812   -3.948965325    
56.339587285    -28.458429428   -0.479030871    
64.685525338    -28.861526080   -0.335507916    
28.814416442    5.863972889     -1.314820698    
23.809602772    3.108192848     -1.891162932    
63.982280222    -27.914589152   -10.349121861   
80.443837488    -13.347019247   -0.227421556    
13.209513197    0.598330141     2.050309037     
13.963050340    -0.131670169    1.983181999     
13.805114055    -0.855048973    1.926020918     
14.096292975    -1.521760529    1.872481137     
21.211317072    5.808264087     -0.218547190    
22.680240337    8.023490692     -0.135617794    
21.819180349    8.489085598     1.606588936     
15.853027245    3.548922271     0.838280435     
18.101158602    2.386963288     2.232182700     
17.386925642    2.699461638     1.470735436     
15.564037472    -0.198273244    1.974458158     
18.612734399    -1.667821300    1.934169227     
31.787627092    -11.863211002   1.210898683     
21.438878839    -4.770360590    1.626031566     
52.671027673    -29.724408774   -5.065354455    
51.840978233    -28.903411483   -0.728843707    
23.429081640    7.186514381     -1.492238553    
24.789524962    8.821779606     -0.845564754    
16.206071093    3.363982927     -1.111226791    
14.234628546    1.671962557     -1.688952320    
18.496549937    1.496433774     -2.654724888    
11.147052348    -1.724992808    1.835482860     
14.265820927    -6.477919451    1.388634186     
10.598927377    -3.241845862    1.696182974     
9.117190258     -2.643435867    1.753813774     
10.072347508    -3.384729400    1.679469671     
9.591135191     -2.551460875    1.750194577     
14.439104907    -4.895665531    1.600398986     
12.710580050    -4.813426121    1.578515349     
27.041646473    2.392201784     -0.514083556    
15.731322948    7.374583831     0.269868571     
31.139363130    3.640589129     1.360915518     
16.131112048    8.656116761     0.420348369     
91.488152084    -39.877045456   -1.847044371    
19.549431563    9.434220281     1.714420174     
64.731217612    -16.426058261   -3.585215615    
9.683098569     3.606458305     1.335566405     
62.777002881    -16.886945100   0.324512459     
14.413771475    8.216299117     2.262686890     
59.659604391    -11.996837718   -4.143037228    
16.740386849    8.686327119     1.784718552     
36.867857008    0.837020561     -5.368489892    
10.863913193    3.087514335     1.353111949     
55.541520132    -11.920450589   -4.982921754    
12.891988963    2.901257925     1.903623253     
16.975700605    5.189202124     -1.750579288    
19.558498283    7.723841508     -0.359686418    
15.778193246    7.370605026     -0.192531859    
19.979930627    -7.849475545    1.332565142     
16.771897938    -8.245907279    1.316616163     
15.988659773    -6.514871534    1.424934390     
18.000503650    -4.612552480    1.619811840     
14.040448630    2.724945192     1.849022837     
11.208964027    2.743937690     1.440823078     
11.197552808    2.745376437     1.033010543     
10.103686496    3.008668200     1.516177540     
9.144919742     2.693736725     0.977328926     
9.396736306     -1.980248532    1.791735285     
9.767670862     -1.335838844    1.878480772     
9.929051187     -1.754333842    1.816575408     
9.464856679     -2.379973590    1.773610984     
11.429013782    -2.954645779    1.712830589     
14.406654815    -2.582390758    1.792738312     
10.919957171    -1.128471755    1.884611822     
11.106209108    -0.202413368    1.976007325     
11.125085078    0.275098226     1.982974254     
9.758233944     -0.275110685    1.952812854     
10.220548857    1.718573632     2.125244516     
34.834459913    1.378566360     -2.698829107    
12.248294294    2.175541343     2.200693468     
93.455057040    -29.827457468   -3.055056023    
11.043119974    1.027166219     2.080079949     
31.603394159    -1.467797550    2.201747828     
13.183481141    1.863353348     2.169495183     
9.247316318     1.225831326     2.060429433     
9.502320542     0.799725459     2.041286459     
10.546586853    0.392090192     2.028209922     
9.249969614     2.808904721     1.480951380     
10.259949102    2.392954114     2.196315564     
11.243759260    2.371721654     2.195923287     
11.296803949    2.744330482     1.838585325     
9.164644744     2.394204323     2.018766880     
9.096350076     2.652540038     1.801637960     
10.451517591    3.005819772     1.907042818     
9.434427734     3.187140173     1.584295858     
8.513320939     3.233294374     1.527025752     
9.248040417     3.059302842     1.942969328     
8.701189735     3.020143201     1.872630946     
16.147147804    0.948322091     -2.641989617    
18.707639482    4.575896782     -2.273711442    
23.790401942    8.397939947     1.282834628     
13.396498281    1.317868253     2.140235959     
9.567565024     -1.014033979    1.873232149     
10.767897975    -0.677209408    1.929400766     
13.274290082    -2.788223507    1.751726808     
15.399920812    -4.797188998    1.625593247     
11.123805374    -2.303475411    1.768405875     
10.452885461    -2.866291722    1.715925903     
18.388355486    7.220086970     0.679257966     
16.797235045    -5.032495520    1.587791288     
16.675618575    8.763391773     -0.428250613    
9.269739583     3.136167401     -0.231898522    
16.529493277    7.118190268     -0.300590415    
9.451434598     2.545871658     -0.233064541    
16.632298695    5.806886735     -2.191764719    
12.612487348    -3.326589284    1.572957676     
12.280467036    -1.920450668    1.724691358     
15.413641739    2.753683425     1.424891340     
10.498473292    1.112420321     1.995269122     
9.896098105     -0.094467590    1.830863064     
15.520635003    7.571282570     0.829194394     
20.208657609    8.424698772     1.836254744     
22.192452036    7.838755537     -1.713396000    
35.902280814    7.527583007     1.689699694     
59.568727094    -28.570927467   -3.745658962    
10.620033775    1.411031218     2.040706078     
16.504622025    8.740528138     0.235788981     
15.614788842    3.089274940     -0.471603712    
15.543341677    2.366890371     1.992018126     
16.137359312    7.221839604     0.833986400     
11.605432708    1.436998617     2.094321121     
15.606183215    -2.597367417    1.732003333     
16.379043546    2.498650937     -1.428825493    
16.688679668    1.706931355     -1.725566474    
23.038410108    1.528854668     -2.380235628    
10.506233182    2.245590300     1.931982134     
10.167556234    2.380461732     1.917560919     
11.202789265    0.496005802     1.959186677     
31.951800132    -0.015616795    2.201425850     
12.016424019    -1.221872780    1.825380587     
11.508257238    -3.850963646    1.538963209     
22.558899357    1.060591263     -3.643534652    
24.746566643    -4.814450244    1.640900650     
12.250232680    -0.651122987    1.938523487     
13.809848714    -3.718394241    1.678110843     
19.772942272    8.296470279     -2.179485212    
13.140882739    1.964179425     -1.335220910    
11.850203380    2.243195735     2.047384635     
18.988357797    9.545989849     2.047622782     
20.206472937    9.575000824     1.811060118     
22.897188073    7.289329471     2.330966492     
18.968963498    7.977368333     -1.252958025    
13.781608267    3.340699049     1.742250683     
15.422473009    3.079373862     1.008664558     
11.968640688    -0.174559296    1.948612521     
15.308514290    2.930366628     0.237162872     
11.887847089    -2.672155917    1.750531457     
12.432922119    -1.714863214    1.822889644     
16.274275987    0.450816606     2.092874172     
23.711794283    3.249827586     0.699920748     
23.525213788    2.752848753     2.016538084     
12.118211559    0.446327625     2.014161887     
12.265074806    -3.730442366    1.682258956     
22.943174082    6.799586172     -0.226012252    
11.220021482    2.366813580     1.204238782     
27.580630962    -11.708843345   1.194720220     
19.417422850    7.499119529     -1.235497104    
21.644918376    8.473041752     -1.799162739    
11.228050247    2.864397432     1.508823764     
13.548101155    2.214492323     2.208519599     
15.961017671    -1.120697649    1.927703903     
16.679869356    7.338544368     -1.250371104    
24.646827462    5.538767384     -0.934201970    
22.941711319    3.521492296     -2.119613006    
15.035826153    -1.744122382    1.847138187     
15.189227356    2.443002459     0.770318908     
12.363250653    2.149461619     1.862787427     
38.070358250    18.286498974    4.980122521     
13.581222596    -0.061859594    1.910371869     
21.893356846    4.323696844     -1.798869958    
20.559454329    7.362270562     -1.217566622    
13.142532360    2.562749180     1.508745011     
12.228840369    -1.146673421    1.830063954     
14.113953165    1.574140882     2.003484013     
17.325521454    6.791875137     -0.251865079    
19.855006417    7.083105921     0.244682714     
14.061733938    -3.575331813    1.693692953     
11.761177472    2.624853452     1.695829052     
15.751893008    4.876979410     2.363579671     
16.541121652    -3.898093137    1.709325651     
15.371070215    3.283091509     0.353777182     
17.225287474    3.419755108     -2.213631427    
23.907251189    0.779060141     1.972026737     
13.409303755    -0.816846158    1.858533795     
22.841032453    10.067816028    1.547798982     
13.577198975    3.209890581     1.604678789     
14.719131134    1.317722352     2.013487815     
13.149450886    0.662295478     1.928048735     
15.218289380    3.070716152     1.278493068     
21.856294269    -6.319037013    1.577826442     
13.488230401    2.192159982     1.965846500     
19.794648709    -0.741425839    2.017568904     
17.200568467    6.969172951     0.435049772     
21.025627446    6.251617466     1.245819956     
30.509549427    -3.478260189    1.900719965     
33.043534038    3.936246163     -0.161110862    
16.473422815    5.015958841     2.985729422     
13.203768960    2.280460218     1.315565343     
16.111288897    2.009464079     2.094827948     
17.425040525    -3.385786681    1.816383030     
15.316245091    2.810878795     0.045223101     
15.284043903    -2.323644956    1.868357531     
14.167239563    0.505545768     2.009609334     
22.541418468    1.977415187     -2.664878314    
22.271982186    0.703685188     -3.262838936    
17.827907889    -5.714744841    1.679201057     
21.179445624    7.840318599     -0.498029204    
22.333126868    0.433410593     -3.314909771    
16.837932926    2.584005453     1.676604912     
22.860149345    8.520726373     1.571041151     
86.765591559    -49.672554177   -4.128888762    
18.017821495    1.355343412     2.182031056     
14.205123994    -0.894432097    2.033279800     
16.809728187    -3.613045772    1.912597982     
20.212337045    -1.711317264    2.054768652     
28.401660690    -7.185446202    1.813635754     
20.666958110    2.718967220     -2.395905615    
16.376326067    -1.946930644    1.982809449     
35.793002462    9.646857927     1.781138342     
22.291561658    -7.842800666    1.761169086     
14.402475504    -0.162731220    2.069806867     
14.324562320    2.161559369     2.025886485     
31.818399428    2.442407670     2.340694842     
13.076389725    2.311453312     1.014321667     
14.765086137    -1.307654177    2.097022990     
19.055369257    0.651872061     2.236830508     
14.754008633    3.089738959     -0.289621568    
16.600360622    -0.861634886    2.039078552     
15.612104966    -0.151814019    2.072197864     
26.469347412    8.745589281     0.901186199     
23.420581759    5.847984552     -1.871679313    
21.749688658    3.930929798     -2.441225463    
26.566178586    8.237112098     -1.142615810    
16.152217648    2.796261409     1.808287852     
16.964363879    2.329299945     2.011954033     
22.153410301    9.273192902     0.866117019     
21.444405248    -2.612519680    2.032152187     
18.329310698    1.825908962     2.691083190     
14.893201068    0.948139444     2.142401126     
88.205784137    -15.364032361   1.475409524     
56.377581817    -13.217147188   -1.972391464    
30.188446664    3.224693407     1.425130905     
46.522761892    -12.309806005   2.062960669     
75.776350223    -29.579158483   -4.639468078    
73.490429513    -30.434223355   -4.876901960    
66.030799240    -30.214024085   0.445451478     
54.086742350    -13.797490453   -5.023281154    
25.788175760    -1.907030589    2.176093440     
29.673592787    0.606680813     -3.612823295    
63.722983011    -28.744726810   -8.513113696    
22.144897649    -0.008739502    2.200027667     
15.907971991    2.384262430     1.987007789     
17.890691889    2.297401984     2.018170687     
16.941372403    2.387653721     1.608493357     
17.656448390    2.001848885     2.206105464     
17.291050552    -1.554110313    2.075986920     
20.477423877    -4.992716754    1.955018093     
19.667618337    -5.728587338    1.954507052     
22.010152996    7.112911142     -0.060634856    
15.254690556    2.925304734     1.203073393     
37.781002102    17.263468143    1.497872380     
19.319273700    2.687507052     1.897499759     
16.902645116    2.400874360     1.425356278     
19.534681327    2.507160270     1.922612467     
75.684677260    -14.770909010   -4.291071299    
38.615432461    -14.086681776   1.876659785     
22.465244582    7.277072241     -0.657491718    
23.479606536    5.908916264     -0.615902360    
21.768789717    3.528732752     -0.328910728    
28.748859389    5.805963185     -1.888221680    
25.737609524    7.112605438     -3.446165526    
22.619394882    3.417688992     -0.983366495    
31.743282034    2.414029882     -0.761115731    
29.417013253    1.675840099     -2.728312566    
27.174084917    1.913887129     -1.420407285    
56.404091003    -29.213906554   1.075759820     
30.640100878    -5.090194257    2.121882275     
19.632006756    -3.018369165    2.033249978     
20.965946734    -5.056436903    1.973655096     
18.119791120    -1.976751707    2.075854642     
20.160981062    1.370767442     2.211455530     
62.574548008    -24.574026304   -10.096522913   
123.562524969   -25.299413759   -11.095859158   
71.288927642    -29.620186590   -5.529874179    
31.069358207    -12.108650390   1.619521882     
16.049738186    2.098184811     2.166003776     
59.169996397    -17.265739610   -3.045426053    
19.191367646    2.353616157     2.069295182     
93.891549939    -32.629294451   0.583345626     
34.404358502    -1.758039426    2.332838366     
36.002201306    2.939896050     0.766321505     
21.665157068    2.063217096     -0.908184240    
24.850905054    7.403534764     -0.042341797    
16.755415340    -0.480437082    2.104316217     
16.131410248    0.919780910     2.126299868     
25.360959524    2.358366750     2.254498683     
41.188295937    16.743601123    1.108397650     
30.837256621    9.051991189     0.122697985     
21.217247982    2.376950841     -0.358831434    
18.074034602    -1.175210274    2.100113130     
21.943644362    -4.910499660    2.004758931     
16.357534973    -2.334410297    2.056865339     
15.098515244    2.270165071     0.999364050     
24.053618147    9.582182596     0.805686119     
16.837009300    2.344875293     1.011774531     
22.365691381    7.760120151     -1.163071943    
16.644595251    2.554670684     1.781349620     
16.157341480    2.815149839     1.855682759     
17.097664887    0.769137456     2.107722426     
18.057711676    -3.441498578    2.056931453     
16.350028010    -1.618634258    2.094695302     
25.622599301    8.503177135     1.512141143     
23.010318619    7.086285348     -1.352279464    
24.344156802    7.727165864     -2.909779020    
23.119912722    6.410545479     -1.638422922    
23.166575438    6.784082518     -2.383398933    
16.737299851    0.183088160     2.148057043     
19.758170674    1.935896490     2.083843420     
30.803870652    0.714223165     -2.347373739    
16.390698286    -0.033784985    2.149583605     
78.432140519    -30.416532997   -0.018857708    
65.117063836    -29.844191650   -3.297305402    
21.353574326    0.957922747     2.214818887     
29.576750838    6.672038683     2.332338739     
24.478151296    3.970223147     2.025169741     
22.486788222    2.842313598     -1.385337501    
17.159312118    -2.126353203    2.099094863     
18.853595873    -4.745490060    2.040230130     
22.158707576    7.494463757     0.602262817     
20.417037448    6.789824772     0.085885396     
24.494175886    8.180398070     0.121395269     
28.613483134    12.204377089    1.669376555     
27.407377740    -10.922253800   2.497043676     
21.796135861    7.689328475     -0.230131290    
22.675584025    7.334122296     -2.226918759    
22.460474207    -0.858100042    2.189039606     
19.463359803    0.202439275     2.206507550     
22.448670949    6.437619134     -0.571372057    
23.235343175    4.245510918     -2.424988328    
25.082216903    5.514600196     -2.078052407    
37.502040678    12.009161139    1.490291315     
22.363518725    2.866412217     1.326420774     
18.069839268    3.570680952     1.993167040     
20.337709964    2.253874598     2.059287248     
17.358363326    -0.816210142    2.160093338     
17.079148792    -1.242126136    2.140152627     
22.012957201    -3.509293062    2.091406574     
21.665788369    7.483531023     -1.912407701    
34.571831733    7.327204004     1.796541229     
26.064489811    -8.349952110    2.018208385     
18.405705138    -1.723181363    2.116401744     
33.414102790    6.821192978     -0.607237858    
28.169412888    6.779951890     -0.155031144    
32.060256561    1.340673057     -1.532761432    
22.652056715    1.826721960     -0.436186634    
22.249710401    0.872388990     -2.046808788    
30.119922122    -0.156747349    2.296021131     
17.254001225    0.332312951     2.113211311     
17.619097897    -0.451611503    2.133336203     
22.480536903    -4.423500754    2.061612136     
18.506335871    -3.935034325    2.059319015     
19.122661517    -3.423851937    2.050500387     
22.201172840    6.560621649     1.914294421     
22.105106393    7.133278679     1.933136505     
18.167567721    0.938277801     2.167075457     
19.002207747    -0.210641578    2.160785300     
24.110997903    -2.809824360    2.105330361     
26.770439077    8.478768365     -1.558808799    
30.009106879    12.999482142    1.662295845     
20.519292273    -1.366714125    2.178473838     
19.289041738    -2.263981311    2.110820551     
27.353708976    7.202218553     2.202834792     
22.549730939    4.484824286     -1.244861116    
18.890589848    2.927151261     1.912237396     
31.367587382    4.656829972     -0.535704702    
39.909803271    7.045457478     0.764016548     
30.187683535    -12.236807613   6.338668409     
34.491734104    1.271362326     2.350284785     
18.329580393    -0.911720187    2.135084999     
19.007850612    1.398653629     2.210181444     
17.910049801    2.583541739     1.982383506     
21.563312060    2.040760005     2.206136536     
25.583021966    7.157544826     1.993388009     
26.179379754    -7.653305572    2.032049158     
17.964113007    -2.251099066    2.114269757     
35.693740581    -14.151034974   1.571402043     
37.622317069    10.922733078    0.232192136     
23.331798799    2.006079567     -1.935335948    
25.767538972    5.041971985     -2.467425037    
18.530318542    -2.830600283    2.128077710     
25.976254892    8.388849864     0.745786183     
21.927170767    1.488885042     -0.956582650    
23.675769391    0.451823823     2.264090305     
22.574144038    2.634248052     1.948049332     
26.488501318    8.271267992     1.423216707     
26.351459412    5.578937636     -1.880826115    
20.099140347    -3.686349582    2.092674765     
21.245227286    4.185469189     2.009769778     
43.225447163    -5.083410956    2.412671824     
85.607886910    -24.597294206   0.711301209     
22.560461107    2.707199958     0.350745205     
26.023293485    -6.887983642    2.101339555     
40.025417853    -11.838296832   2.192871203     
21.504798394    2.792491011     -0.229212232    
20.697862602    -0.528610237    2.231197565     
25.027514464    0.636410279     2.259821716     
22.595176387    -1.960542479    2.175582206     
22.228127752    -1.411690442    2.230556333     
24.511737721    -0.568028750    2.241207290     
19.973521533    -0.189033663    2.225058901     
20.858592164    -3.424410270    2.141688212     
20.911527057    -3.840441480    2.132676626     
48.838333366    22.027562537    -1.100494477    
40.846499163    18.224265522    0.384803370     
22.541260045    2.769901364     0.846355153     
24.028761588    5.386806681     -0.770248337    
21.736889903    3.749824711     -0.619384797    
21.515050821    2.971812127     1.958488163     
19.669560704    0.634079597     2.204314818     
20.938700485    0.373978774     2.222215220     
21.994801782    1.406176280     2.266419178     
20.493044173    -1.011749058    2.210063441     
21.554137162    2.791920362     -0.748540702    
31.557649655    3.601961657     -0.024487004    
24.976795962    1.423114343     2.335928016     
33.674005861    -5.004019571    2.283898312     
33.562876481    2.285234406     2.254725346     
69.288738431    -29.392607145   2.287986844     
46.274387555    9.469032700     11.888412360    
22.946204181    -3.607845158    2.156781379     
24.425914507    -5.116097904    2.143189402     
26.606080658    7.218315095     2.106189926     
31.394679744    11.635413824    1.489912623     
35.829098289    7.214386126     0.787134153     
37.743257936    10.641454086    1.534111961     
27.716411491    2.366947309     2.069011548     
26.615608606    -2.822319875    2.245850762     
27.228302132    -6.726591494    2.141732190     
26.605124007    1.928225086     -1.942581531    
22.475386313    2.006330164     2.103989878     
21.725098130    -2.346314470    2.194318849     
46.406556641    2.596514848     -1.311644546    
21.538356851    2.039073471     2.081002560     
22.478399909    2.627541666     0.166334128     
30.595587405    5.446661866     -0.545175664    
37.145585925    7.030913257     1.955619489     
29.206513856    7.247589897     2.000878987     
20.737537187    -0.075257968    2.226263107     
25.323459160    -2.549767181    2.228310743     
21.422340876    1.951789021     -0.291363839    
47.295335732    -10.171676060   2.342217197     
25.214960880    -0.060235110    2.231796777     
29.079273305    3.442493693     1.918270404     
28.713096337    2.752607403     -1.478354747    
29.570806105    1.338234472     -1.963785400    
59.596905925    -28.993224319   -1.459442261    
29.390722184    0.120578966     -2.728065126    
67.392866568    -36.370670241   -3.867113517    
20.752934883    1.994378119     2.070509355     
21.336983627    -2.939659477    2.179798238     
29.093097006    -5.507605552    2.194641731     
32.084051822    8.881471414     -0.551549208    
21.878624402    3.774413012     -0.600832053    
30.680340736    5.006806918     -1.292354223    
21.957985534    2.782274517     1.972543995     
21.228946000    -0.892741746    2.203626078     
21.871131323    -0.492795812    2.213501661     
23.063574795    -3.196048475    2.218085052     
67.507287778    -1.309065050    -9.468707634    
21.330555768    -1.909430288    2.210934362     
21.390753921    2.839927672     -0.212132059    
21.383433628    -2.579323123    2.216165023     
28.493212329    -8.535162044    2.165692146     
21.799475688    0.248976216     2.256682534     
22.124492730    0.685659244     2.260384609     
22.774911201    -4.418977667    2.187570783     
24.096478764    2.922927675     1.874303230     
54.647976232    -12.073600098   -4.762071788    
36.702035435    5.195450917     -0.314149014    
31.072215036    -3.439738961    2.280705807     
57.566908442    -28.713065637   1.615504989     
29.583878389    3.121893941     -0.793107186    
23.386419289    4.157300953     2.131473421     
23.550381707    1.919035251     2.330979023     
23.912037851    2.410777092     2.038724583     
23.962647842    4.050921379     2.016156625     
29.144023974    7.951683384     1.800121496     
21.716842743    2.799027174     -0.441293906    
30.151370390    8.810046587     0.817800841     
22.566899203    2.739037716     0.884483485     
90.427351799    -15.487379509   1.704034639     
60.461438430    -13.583018928   -1.983624633    
40.419469257    0.668859765     -3.091052456    
55.224296709    -16.757596045   -2.660140239    
36.031972341    8.186476777     0.086450722     
29.786809632    2.895770916     1.050374951     
21.503482047    2.277933546     2.026280496     
23.292864854    2.634938287     2.109857477     
23.647436910    0.817321301     2.307197403     
22.422103025    0.076026473     2.240756381     
24.477545945    -0.999989115    2.257553489     
23.578441175    -1.691776816    2.207746145     
46.786462824    3.112100651     1.756390431     
21.977590682    -2.177297997    2.183135775     
22.612412671    -2.043084615    2.204331012     
25.933715467    -5.112116642    2.175308674     
22.026933532    -2.822360893    2.179297341     
28.092750927    5.260199885     2.183985618     
30.613264801    -5.158176412    2.266643605     
29.145131537    -6.745529594    2.152973826     
34.909674395    -11.654732895   2.176224471     
27.120056670    2.669192361     -1.682184372    
27.924536688    1.557478433     -2.160212000    
87.856378997    -29.794273143   2.110717782     
72.136734336    -14.798178972   -4.241575448    
25.813261185    -2.000351825    2.263566577     
23.251118895    -1.387660893    2.219978041     
34.869230710    -1.892799679    2.403354937     
23.117659628    -3.211965586    2.195524540     
23.153424754    -0.250391219    2.249803743     
24.252698463    -3.388191611    2.207249076     
64.341176525    -29.459547195   1.802686542     
62.201459795    -24.712946028   -9.516266841    
53.787214579    -14.567723102   -4.428222070    
55.531755551    -13.754885552   -2.450311530    
63.514739387    -29.080427395   -8.183648037    
31.492355782    2.306147846     -1.015580092    
72.699604284    -29.771842465   -2.653791419    
57.840342233    -15.544242838   -2.033402860    
73.382890060    -33.483991463   -0.917193185    
114.897398682   -17.448201326   -5.341671129    
22.564801836    2.589016140     1.599122873     
22.517485728    2.831102637     1.675821580     
22.085974815    2.174359586     2.097677880     
34.674737064    5.090869505     6.067970552     
24.054463955    1.990024432     2.322702185     
22.892125846    0.955947244     2.257573111     
22.370834922    0.475698934     2.229846417     
23.773461382    1.438161533     2.293188309     
26.161719853    -3.422689555    2.216513237     
23.576650984    -2.205751456    2.233392274     
22.797624360    -2.729408851    2.208910709     
22.514399372    2.770505355     1.044476133     
29.815695218    8.513927190     0.072211611     
35.441155965    9.141087176     0.848427220     
37.282724018    -12.063391078   2.240043720     
30.518670540    8.825676315     -0.104676525    
28.657578237    1.977714388     -1.347792556    
26.770057226    1.957959190     -1.571213098    
29.571352056    0.919045851     -2.535139297    
30.367369306    0.158529302     -2.511847251    
30.076160791    4.416678706     -1.076168340    
41.720896501    3.140000761     0.078966416     
77.870745058    -30.524030812   0.316917487     
54.284591702    0.819256546     -2.091090499    
62.203275452    -27.445377313   -3.048666318    
143.566991577   -34.762643535   1.549778299     
114.897398682   -17.448201326   -5.341671129    
28.106993597    1.164796977     2.395482845     
28.021121199    -0.544013727    2.344288248     
49.457656808    -15.019044960   2.488562058     
36.193522561    6.896401820     -0.608034375    
29.545506827    2.793884806     -0.167272642    
23.229413549    2.748832710     2.025471257     
23.298794234    -0.605936097    2.259631995     
24.218647627    -4.188148950    2.176744220     
29.147896400    8.322457467     1.648440246     
30.024238478    3.875235944     -2.486692882    
23.068417702    2.511848937     2.062830508     
42.070688540    8.038510609     -0.561996888    
31.834365680    2.939781569     2.119601359     
36.251539285    1.696443674     -2.412735862    
29.182048598    1.219190072     2.400125429     
22.919612456    1.932774414     2.231008743     
23.933663913    0.132530230     2.253798947     
23.506432483    -1.111981214    2.263512610     
114.897398682   -17.448201326   -5.341671129    
48.246350175    -8.151353315    2.743255536     
27.868685773    -2.174345928    2.305601266     
24.804041601    -1.426713980    2.286431785     
24.392597506    -2.843072428    2.239117400     
24.400210785    -1.913533762    2.266504147     
26.159094291    -3.963426636    2.232223244     
24.085677975    -3.693125789    2.209135663     
26.398023541    -4.630401234    2.200312786     
23.791661765    -2.764136532    2.221658699     
29.582514659    7.065143335     2.135441161     
34.626483651    10.349029129    1.642810105     
28.699264597    5.069739273     2.187120661     
32.474145629    7.534750195     2.009475344     
28.208165000    4.008847134     2.060312604     
27.914663098    3.030346722     1.972601618     
29.770173269    3.687748678     -1.246562254    
29.246054591    4.693729285     -1.308334410    
32.280898589    5.707715332     -2.948584725    
28.309310206    2.623182346     -0.778841985    
24.303044032    -1.508492485    2.263851199     
114.897398682   -17.448201326   -5.341671129    
31.568771355    7.616346930     1.857926509     
26.150528478    2.274817889     2.186518257     
30.792993901    2.310446480     -0.042205318    
23.234086385    2.348020769     2.087880606     
37.868228717    2.216049848     -1.659422610    
50.949592663    22.718737557    -0.918339064    
39.724290690    6.843425675     2.146033980     
40.188238547    7.041735279     0.920208897     
23.729701218    2.885137554     2.057951041     
24.822111204    2.709399082     1.949863681     
34.622745335    9.420352851     -0.060252148    
36.585165050    12.749510253    1.455541874     
34.321230511    7.666607218     1.152691090     
34.007292305    9.285980394     -0.406767027    
30.168359180    0.778334941     -2.089173860    
24.193117739    2.229458135     2.149269179     
38.445162620    -8.134639033    2.328586908     
114.897398682   -17.448201326   -5.341671129    
33.608630458    1.407759713     2.458189501     
30.921181820    0.426536414     2.400376781     
26.216426949    0.569645433     2.360651823     
26.041381143    -0.936433606    2.320837959     
26.381728188    -0.029191302    2.319486452     
27.003726995    -3.398900429    2.256351301     
31.880938263    6.827954789     -1.183353296    
29.322685238    6.970363632     -0.986990384    
29.780479570    5.663390978     -1.566331136    
30.708364059    -2.495823972    2.328880494     
27.565460983    -2.717343668    2.282321355     
47.087399229    6.994710842     0.215389293     
79.366896071    -14.632871522   -1.863155048    
30.031652841    6.850775787     -1.767827740    
24.341620613    -0.021793337    2.315969081     
30.736401897    5.975942926     -2.094282166    
25.387284223    -0.522734020    2.331948159     
114.897398682   -17.448201326   -5.341671129    
36.886455990    11.990603401    1.626188665     
33.280062246    -8.632477126    2.273111361     
31.248553540    7.234157668     -1.578913780    
29.668448063    3.663823658     -1.140078682    
28.659717596    2.601334755     -1.335933934    
28.547606729    3.498256735     -1.341015943    
28.192606941    -4.454985446    2.243122269     
114.897398682   -17.448201326   -5.341671129    
38.773340660    0.404190345     -3.837429556    
73.719052675    -12.861204116   -6.035645212    
106.367207937   -30.038131138   2.010411029     
38.478615228    7.491995935     0.561793773     
39.103729232    -5.100590914    2.418216949     
37.092562123    3.009097636     -2.043656391    
26.382416070    2.734534521     2.027408347     
29.807036920    1.907837906     2.391087688     
26.430909963    -0.664465820    2.323202264     
25.510573950    -1.247611525    2.301752892     
27.005049790    -1.406469215    2.333797232     
25.955513431    -1.499322654    2.282210458     
37.696299798    12.883323092    0.483259187     
34.459831303    -8.385098329    2.307176102     
30.069497008    6.800117112     -0.841265213    
30.564598507    6.561769734     -0.677749607    
33.070390740    9.479687766     -0.589528103    
42.874766051    -5.058124541    2.474304116     
27.248362440    0.377614733     2.304245559     
114.897398682   -17.448201326   -5.341671129    
50.595534802    8.039079234     2.567610089     
30.307863070    -0.255068628    2.437003481     
32.923359682    5.706662446     2.289814830     
30.328415986    -4.309852832    2.300791153     
30.886933145    1.635707040     -1.664545591    
51.203113741    -4.988858748    2.523274244     
27.666438730    2.110131448     2.174543252     
27.195528015    2.393895012     2.066199420     
28.069221768    -0.065375647    2.375706055     
27.767277190    -1.094851917    2.352741327     
26.431618525    -2.012020597    2.295255555     
27.138023015    -2.945264817    2.295040759     
27.808865994    -3.548554633    2.277927187     
26.074916691    -2.694566925    2.275030985     
34.254609923    8.161710806     0.047037276     
34.222176310    7.442163583     2.195618422     
30.512284818    5.384146113     -0.354782915    
30.720246923    5.206922140     -0.478892949    
27.709439480    1.971692560     -0.713595168    
30.635087137    0.906911223     -1.819833133    
33.641017303    -2.525096452    2.445861511     
37.050891131    6.930057785     1.862035667     
35.299605624    6.906421780     0.897932869     
32.042542379    4.616131469     2.172207810     
32.123901527    6.263899566     -1.309148512    
33.206627705    2.312944220     2.217511786     
31.306747041    7.484536023     -1.614307652    
41.566195309    14.493678868    1.340381455     
33.862020559    -5.024019553    2.381186812     
114.897398682   -17.448201326   -5.341671129    
43.258351199    7.311030513     0.088235203     
47.025762561    2.759127732     -1.415391952    
34.532403387    7.092931585     1.780918655     
44.782005418    2.406712118     -0.730083377    
31.070699262    -0.931300416    2.410969800     
33.586435382    -0.641443384    2.455255197     
26.698649444    2.565841269     1.933893005     
34.405342672    7.533346680     0.317532609     
29.664814084    2.124261126     -0.930139471    
69.294316251    -29.594666356   2.064118803     
30.292307225    1.582193082     -1.509545773    
28.788841358    -2.970104819    2.276841105     
29.375057010    2.787819431     -0.609539213    
26.678340542    -0.456669930    2.345452164     
114.897398682   -17.448201326   -5.341671129    
28.955313797    2.178005536     2.189499855     
29.049930952    0.709477033     2.379431470     
36.141785527    7.854172648     -0.027887729    
38.914032168    -12.176406122   2.371124734     
42.626743246    6.824995113     1.315562948     
42.864903263    -8.387444226    2.406980042     
27.863564245    2.973552295     1.977537990     
28.421820372    -1.581002358    2.361895693     
28.721113010    -1.836773849    2.344639253     
34.133178420    7.810061524     1.993006313     
43.340991617    16.385143961    0.832602251     
68.862557875    7.442094188     -0.218559241    
38.378279179    8.162659156     -0.306929004    
29.549384124    2.943437907     0.369933067     
31.430925038    4.533351590     2.154767877     
33.755045083    8.853989895     -1.870919537    
29.697482580    3.767691240     -0.716387200    
55.167639441    -12.431489304   -4.216732090    
28.973711400    -2.337316963    2.327911569     
26.452605164    2.762366901     1.974613489     
65.078065391    -0.791284118    -8.312817179    
28.150651767    2.686333360     1.996420046     
46.207617435    1.131543315     -2.701108375    
29.111411971    -4.706774552    2.286545800     
114.897398682   -17.448201326   -5.341671129    
51.593435558    3.009203683     1.537654520     
45.815391712    -0.626908884    2.728640675     
42.980813294    -1.924620280    2.581481449     
64.364262950    -29.467801940   1.970275994     
72.090211213    -29.282120403   -2.560670280    
48.862215956    -13.312093523   1.704096086     
38.551687054    0.614578454     -2.699651304    
55.736134299    -16.032410287   -2.178221629    
55.901700729    -13.779998508   -2.434358932    
54.423210971    -14.085672674   -4.679414068    
69.030154922    -28.113566444   -3.585903349    
55.336222698    -16.345518900   -2.939098841    
55.019197555    -16.315424053   -4.737139023    
63.671064258    -28.882730844   -7.657235743    
62.229026107    -24.629095370   -9.369486800    
111.467104930   -28.877249141   -3.525772082    
27.710177776    3.186317895     1.902938029     
31.272637908    1.507659601     2.415184711     
30.313577956    -4.415328579    2.345710473     
30.649203068    -5.171746111    2.314156580     
29.681125904    2.809352026     1.271012654     
30.302584445    4.417455919     -0.470925728    
29.310921038    2.490992847     0.115038585     
100.957684211   -24.604373313   -6.023518501    
102.408651610   -16.969947866   2.184698924     
34.950958532    -1.909479405    2.479400971     
31.838133275    6.686298620     -1.025763718    
56.330491189    -13.478373790   -1.575176661    
28.378432080    2.338804591     2.141716117     
42.869743450    2.219601376     2.505108108     
33.087432522    5.641342686     -0.551894613    
87.695651398    -29.731070937   2.222169573     
114.897398682   -17.448201326   -5.341671129    
31.327908776    2.267012824     2.333698825     
27.867703348    0.542427804     2.420254896     
29.003745360    -0.574394188    2.413649949     
28.916503697    -1.020077799    2.438373942     
31.002611390    -3.968769949    2.436112897     
30.943067606    -4.262493945    2.434952472     
28.636028662    -3.355981710    2.357689432     
32.988494853    -5.690648307    2.456653460     
35.668095196    7.097959366     2.136354396     
31.772085570    3.554658327     0.957520269     
34.354642817    -6.676690557    2.363149800     
39.789189340    -11.538117943   2.366027951     
41.781124128    7.195614370     2.483159263     
34.042892444    -4.323612201    2.518034451     
30.275803965    4.062168831     -0.689329005    
29.344357649    2.922623305     -0.756942943    
28.043661916    -0.674890000    2.417667818     
114.897398682   -17.448201326   -5.341671129    
36.159033420    2.461097320     2.324900244     
29.085307473    0.152357741     2.464809275     
30.888535803    -1.335516153    2.434847694     
36.180263002    7.288999560     0.237555254     
33.419332895    3.023867442     2.087880330     
32.779921845    3.922134038     2.200771359     
35.242973086    6.853306024     -0.497587744    
29.640456532    3.025081077     -0.113959770    
29.586710759    3.087389457     -0.446665278    
30.061114934    1.926344269     -0.230790951    
143.566991577   -34.762643535   1.549778299     
60.032293511    2.253132476     -0.568818614    
29.042750819    -3.304769861    2.359631562     
33.377741108    0.293807118     2.536142306     
114.897398682   -17.448201326   -5.341671129    
64.797264088    0.430097951     -3.236410269    
97.530694226    -43.476769366   0.952751365     
43.621535341    6.621074568     -0.623925999    
29.679497566    2.567676843     2.149859381     
28.926365755    2.483322315     2.113258875     
29.618980804    2.814331972     1.767883477     
30.478559959    1.719953595     2.511399686     
30.182555900    0.690805730     2.512144207     
29.210439128    1.181357482     2.449565188     
29.734780492    -0.926250704    2.455233444     
29.529317476    -1.346008842    2.388447625     
31.059693889    -2.081317573    2.442649643     
29.368229435    -1.499431096    2.411110784     
36.005489598    8.766270673     2.725952595     
34.569814974    7.112063222     1.010312842     
29.567119864    2.894375409     1.665854628     
42.859620106    8.496221870     -0.885571188    
29.540016894    2.441509260     -0.442678284    
36.574661584    2.223118257     -2.497020759    
114.897398682   -17.448201326   -5.341671129    
74.070801665    -35.105593095   -1.181802411    