364456.374036312 0.200024128     2.000000000     57.000000000    0.001402113     0.554410376     0.121402398     0.174557522     6.000000000     14.000000000    2.847839000     4.493643000     0.011493000     0.000000000     0.000000000     
364456.574106455 0.200070143     2.000000000     82.000000000    0.001737225     0.993994436     0.169203321     0.230263337     6.000000000     13.000000000    4.533735000     12.881128000    0.050804000     0.000000000     0.000000000     
364456.774084330 0.199977875     2.000000000     90.000000000    0.024547275     1.002468484     0.224664411     0.285787051     6.000000000     13.000000000    8.269036000     16.339972000    0.032388000     0.000000000     1.000000000     
364456.974213600 0.200129271     2.000000000     98.000000000    0.000495441     1.092632177     0.270395557     0.352046534     6.000000000     14.000000000    10.587517000    15.921228000    0.071393000     0.000000000     0.000000000     
364457.174117804 0.199904203     2.000000000     109.000000000   0.003578894     1.164151730     0.303619071     0.390080697     6.000000000     14.000000000    7.708021000     16.395277000    0.053640000     1.000000000     0.000000000     
364457.374026060 0.199908257     2.000000000     105.000000000   0.022430876     1.356212410     0.336626016     0.434174997     6.000000000     11.000000000    22.348110000    22.254418000    0.076504000     0.000000000     1.000000000     
364457.573940277 0.199914217     2.000000000     106.000000000   0.017285232     1.487772585     0.360198791     0.469147492     6.000000000     12.000000000    30.787454000    88.602613000    0.275653000     1.000000000     2.000000000     
364457.776454210 0.202513933     2.000000000     99.000000000    0.014486474     1.487732611     0.373305092     0.481428357     6.000000000     13.000000000    26.518982000    58.465609000    0.192706000     3.000000000     2.000000000     
364457.973961830 0.197507620     2.000000000     97.000000000    0.002216047     1.499200681     0.386606227     0.504643002     6.000000000     13.000000000    18.633596000    45.508099000    0.167702000     1.000000000     5.000000000     
364458.174047947 0.200086117     2.000000000     92.000000000    0.023344252     1.370140760     0.398685407     0.508653910     6.000000000     14.000000000    75.167991000    40.901650000    10.478758000    2.000000000     2.000000000     
364458.375929810 0.201881863     2.000000000     53.000000000    0.027747314     1.429260668     0.389343806     0.504746415     6.000000000     16.000000000    6.650176000     18.036197000    1.516916000     2.000000000     1.000000000     
364458.575971088 0.200041278     2.000000000     94.000000000    0.013132429     1.382494139     0.374978967     0.486536435     6.000000000     13.000000000    41.370365000    34.814381000    1.298511000     1.000000000     3.000000000     
364458.676123103 0.100152016     1.000000000     92.000000000    0.004172323     1.389839387     0.361140927     0.481504522     6.000000000     11.000000000    9.008247000     16.180542000    1.391435000     1.000000000     0.000000000     
364458.776372900 0.100249796     1.000000000     95.000000000    0.007649197     1.491424720     0.353328769     0.478883563     6.000000000     1.000000000     7.992934000     2.733491000     2.274007000     2.000000000     0.000000000     
364458.876511951 0.100139051     1.000000000     114.000000000   0.009966419     1.457707145     0.347821809     0.458621998     6.000000000     16.000000000    52.832679000    87.820767000    2.522365000     1.000000000     1.000000000     
364459.076536317 0.100034714     1.000000000     112.000000000   0.004833955     1.439243291     0.344771994     0.450891139     6.000000000     16.000000000    14.883868000    34.911814000    4.060204000     2.000000000     1.000000000     
364459.176578436 0.100042119     1.000000000     102.000000000   0.007439025     1.316905827     0.361525569     0.463750647     6.000000000     15.000000000    12.528969000    32.410638000    1.754769000     1.000000000     0.000000000     
364459.376428096 0.199849660     2.000000000     92.000000000    0.010200007     1.317426387     0.365683455     0.466736073     6.000000000     14.000000000    62.535919000    28.437654000    1.661895000     1.000000000     1.000000000     
364459.577865376 0.201437280     2.000000000     85.000000000    0.012227842     1.468791356     0.385732244     0.496439540     6.000000000     14.000000000    11.230984000    25.533247000    1.331408000     1.000000000     1.000000000     
364459.776783250 0.198917874     2.000000000     108.000000000   0.007952334     1.446373631     0.334587124     0.434105510     6.000000000     11.000000000    50.624421000    49.431218000    6.023089000     1.000000000     0.000000000     
364459.876659654 0.099876404     1.000000000     108.000000000   0.010930560     1.466252708     0.382995324     0.484329260     6.000000000     14.000000000    12.943067000    47.038386000    3.966488000     0.000000000     1.000000000     
364459.976502192 0.099842538     1.000000000     76.000000000    0.005181881     1.455686302     0.365600048     0.455688728     6.000000000     12.000000000    12.582616000    28.631103000    2.589279000     2.000000000     1.000000000     
364460.076479499 0.099977307     1.000000000     78.000000000    0.020097517     1.449226825     0.378895422     0.478071795     6.000000000     13.000000000    14.176880000    28.712213000    2.463858000     0.000000000     0.000000000     
364460.176932244 0.100452745     1.000000000     87.000000000    0.015818029     1.451746431     0.356969283     0.445403658     6.000000000     13.000000000    12.742302000    28.008911000    2.053139000     4.000000000     0.000000000     
364460.276669684 0.099737440     1.000000000     89.000000000    0.007840167     1.285886372     0.347876635     0.430741015     6.000000000     14.000000000    15.390453000    28.871650000    1.615133000     1.000000000     0.000000000     
364460.376718448 0.100048764     1.000000000     112.000000000   0.014987401     1.412341529     0.337894950     0.431238727     6.000000000     15.000000000    39.111953000    96.527590000    5.962709000     0.000000000     0.000000000     
364460.476631092 0.099912643     1.000000000     109.000000000   0.010051689     1.328723105     0.344285542     0.432612023     6.000000000     13.000000000    28.283711000    36.648818000    1.895067000     2.000000000     0.000000000     
364460.576700138 0.100069046     1.000000000     113.000000000   0.015130726     1.447457056     0.362490337     0.454912499     6.000000000     14.000000000    16.468350000    21.822298000    1.329998000     1.000000000     1.000000000     
364460.676611685 0.099911547     1.000000000     97.000000000    0.028400142     1.377687203     0.354572794     0.448177204     6.000000000     1.000000000     9.455505000     2.656372000     1.929372000     2.000000000     0.000000000     
364460.777147031 0.100535345     1.000000000     95.000000000    0.012693414     1.379992431     0.336973321     0.422499801     6.000000000     14.000000000    11.476844000    25.201604000    1.930774000     3.000000000     0.000000000     
364460.876660990 0.099513960     1.000000000     98.000000000    0.004037471     1.369790479     0.327855220     0.427785694     6.000000000     9.000000000     14.973827000    20.455949000    1.959606000     0.000000000     0.000000000     
364460.976830033 0.100169042     1.000000000     91.000000000    0.001545965     1.242848650     0.321660127     0.415206669     6.000000000     2.000000000     13.022302000    5.850081000     3.723394000     1.000000000     0.000000000     
364461.076926548 0.100096516     1.000000000     99.000000000    0.012763792     1.460358569     0.322121537     0.424241319     6.000000000     13.000000000    56.883994000    97.823303000    5.263534000     0.000000000     1.000000000     
364461.276734669 0.099955320     1.000000000     94.000000000    0.003472917     1.401246072     0.299860426     0.396821426     6.000000000     13.000000000    13.673583000    33.901529000    4.646823000     2.000000000     0.000000000     
364461.376816121 0.100081452     1.000000000     84.000000000    0.007629639     1.443294062     0.305625002     0.402802801     6.000000000     9.000000000     10.254804000    16.528919000    1.998902000     2.000000000     1.000000000     
364461.476755284 0.099939163     1.000000000     86.000000000    0.005552522     1.193836113     0.281750927     0.372211875     6.000000000     1.000000000     34.835900000    11.017301000    6.019993000     2.000000000     0.000000000     
364461.576730408 0.099975123     1.000000000     92.000000000    0.002251900     1.216448011     0.281026541     0.386275721     6.000000000     1.000000000     33.943018000    10.316409000    8.885223000     0.000000000     0.000000000     
364461.676769019 0.100038611     1.000000000     108.000000000   0.005364530     1.343414308     0.271203343     0.367753861     6.000000000     13.000000000    35.675894000    23.779167000    1.919049000     2.000000000     1.000000000     
364461.776728869 0.099959850     1.000000000     94.000000000    0.003444590     1.448368628     0.297592374     0.394253613     6.000000000     1.000000000     10.778826000    3.148397000     1.857919000     0.000000000     0.000000000     
364461.876784613 0.100055744     1.000000000     97.000000000    0.003745079     1.216131766     0.288365330     0.369533616     6.000000000     13.000000000    8.805273000     23.889392000    1.579389000     2.000000000     0.000000000     
364461.977021962 0.100237349     1.000000000     98.000000000    0.001186209     1.273565776     0.292027664     0.375403966     6.000000000     9.000000000     8.419466000     15.092997000    1.547100000     0.000000000     1.000000000     
364462.077042208 0.100020246     1.000000000     100.000000000   0.001844748     1.343154618     0.284174425     0.373793042     6.000000000     2.000000000     15.543407000    6.998650000     4.026291000     0.000000000     1.000000000     
364462.176925607 0.099883399     1.000000000     79.000000000    0.003075298     1.361609195     0.300336875     0.393504077     6.000000000     14.000000000    18.102363000    34.950161000    1.443418000     1.000000000     0.000000000     
364462.276852751 0.099927145     1.000000000     87.000000000    0.005274059     1.360305563     0.295206744     0.390867482     6.000000000     13.000000000    9.098363000     18.139748000    1.191623000     0.000000000     0.000000000     
364462.376699550 0.099846798     1.000000000     86.000000000    0.020979725     1.394790081     0.298442146     0.391400959     6.000000000     1.000000000     8.670394000     2.468199000     1.852921000     0.000000000     0.000000000     
364462.476738615 0.100039065     1.000000000     91.000000000    0.003784210     1.050737706     0.274867284     0.346802940     6.000000000     1.000000000     9.320516000     2.527264000     1.973896000     1.000000000     0.000000000     
364462.576618078 0.099879463     1.000000000     99.000000000    0.023541795     1.435639057     0.313075826     0.384174076     6.000000000     14.000000000    8.706488000     23.561594000    1.727875000     2.000000000     1.000000000     
364462.676647917 0.100029839     1.000000000     96.000000000    0.027672415     1.414535885     0.332748454     0.413741266     6.000000000     13.000000000    8.811083000     21.655675000    1.190755000     1.000000000     2.000000000     
