364456.574106455 0.200070143     29.821984794    0.526674438     0.018500858     82.000000000    30.832096000    
364456.774084330 0.199977875     25.549139915    0.563311781     0.025866447     90.000000000    17.764718000    
364456.974213600 0.200129271     23.499565421    0.597772106     0.013779334     98.000000000    22.005236000    
364457.174117804 0.199904203     22.508636477    0.626775664     0.028133994     109.000000000   27.697534000    
364457.374026060 0.199908257     20.520852844    0.634892615     0.019745274     105.000000000   20.798907000    
364457.573940277 0.199914217     20.288327991    0.663537507     0.049252288     106.000000000   45.704820000    
364457.776454210 0.202513933     20.047957680    0.703115105     0.043462122     99.000000000    47.290624000    
364457.973961830 0.197507620     22.020761192    0.713887898     0.039581174     97.000000000    21.099073000    
364458.174047947 0.200086117     23.302647011    0.742692770     0.058629844     92.000000000    39.865693000    
364458.375929810 0.201881863     31.572531681    0.774472300     0.004590463     53.000000000    13.726457000    
364458.575971088 0.200041278     20.729111454    0.792533520     0.097834597     74.000000000    53.404190000    
364458.676123103 0.100152016     15.502863530    0.388102546     0.008482335     92.000000000    25.784545000    
364458.776372900 0.100249796     15.390017711    0.430016373     0.040038596     95.000000000    10.574660000    
364458.876511951 0.100139051     15.547776642    0.440113467     0.011393220     101.000000000   46.885959000    
364458.976501603 0.099989653     15.547235438    0.410618025     0.009048641     109.000000000   45.092880000    
364459.076536317 0.100034714     15.922633155    0.416027936     0.049174444     112.000000000   16.461659000    
364459.176578436 0.100042119     16.308045624    0.456562266     0.060363894     102.000000000   13.467480000    
364459.376428096 0.199849660     24.521338844    0.878501909     0.053281578     92.000000000    58.584700000    
364459.577865376 0.201437280     27.455865539    0.913545577     0.034772038     85.000000000    11.228803000    
364459.776783250 0.198917874     25.554875190    0.884963953     0.016807587     88.000000000    42.236698000    
364459.876659654 0.099876404     15.810098248    0.453427848     0.039349163     98.000000000    34.179288000    
364459.976502192 0.099842538     19.820670294    0.444863133     0.077797775     76.000000000    23.010337000    
364460.076479499 0.099977307     17.055860948    0.505992972     0.000879536     78.000000000    15.390914000    
364460.176932244 0.100452745     17.976572836    0.508476403     0.013652719     87.000000000    17.076024000    
364460.276669684 0.099737440     21.045534089    0.511147223     0.046215250     89.000000000    17.067436000    
364460.376718448 0.100048764     19.322924492    0.518689816     0.023456119     104.000000000   44.469588000    
364460.476631092 0.099912643     16.223366815    0.477459692     0.015411277     97.000000000    39.350330000    
364460.576700138 0.100069046     16.574456908    0.482438060     0.038018373     106.000000000   39.410162000    
364460.676611685 0.099911547     15.986403864    0.492239574     0.008468023     97.000000000    12.686368000    
364460.777147031 0.100535345     15.727995486    0.540683231     0.009213274     95.000000000    12.575305000    
364460.876660990 0.099513960     17.520959576    0.541958615     0.016063236     98.000000000    16.181585000    
364460.976830033 0.100169042     15.989489219    0.546828674     0.009074198     91.000000000    19.270949000    
364461.076926548 0.100096516     19.077256378    0.555879549     0.046375639     75.000000000    48.579701000    
364461.176779349 0.099852800     15.757484953    0.512351134     0.020007381     73.000000000    62.863125000    
364461.276734669 0.099955320     20.289412960    0.517121579     0.025025045     94.000000000    28.347080000    
364461.376816121 0.100081452     19.083997695    0.566826692     0.033112130     84.000000000    12.481960000    
364461.476755284 0.099939163     18.246824516    0.570637310     0.009465940     86.000000000    17.049957000    
364461.576730408 0.099975123     20.718519060    0.576325560     0.030314043     92.000000000    46.742586000    
364461.676769019 0.100038611     20.405615320    0.581296709     0.025885956     101.000000000   56.063408000    
364461.776728869 0.099959850     17.244323178    0.532627775     0.038666024     94.000000000    15.748568000    
364461.876784613 0.100055744     19.507880096    0.589603482     0.017078434     97.000000000    13.592933000    
364461.977021962 0.100237349     19.474996529    0.595092626     0.037635928     98.000000000    14.438956000    
364462.077042208 0.100020246     21.422144019    0.598136536     0.036143522     100.000000000   11.291883000    
364462.176925607 0.099883399     20.698636478    0.603967639     0.013650600     79.000000000    21.386275000    
364462.276852751 0.099927145     20.683897771    0.608749765     0.012203599     87.000000000    12.034860000    
364462.376699550 0.099846798     20.490727208    0.615154000     0.024337868     86.000000000    10.437299000    
364462.476738615 0.100039065     18.725907422    0.621444409     0.015438118     91.000000000    9.742396000     
364462.576618078 0.099879463     16.664637823    0.625720690     0.015407076     99.000000000    10.460474000    
364462.676647917 0.100029839     18.069659952    0.623567599     0.021850979     96.000000000    10.453177000    
