372709.655905008 0.100116730 23.872947823 2.004866444 0.008986973 53.000000000 5.836129000
372709.755916595 0.100011587 19.964029857 2.007224914 0.010094504 60.000000000 7.985248000
372709.855957508 0.100040913 19.849177428 1.900718508 0.033738544 57.000000000 5.946570000
372709.956040621 0.100083113 19.658956160 2.000434496 0.017474337 69.000000000 6.216193000
372710.056038857 0.099998236 17.927368437 1.583418479 0.100409171 57.000000000 8.997898000
372710.156090975 0.100052118 16.991381989 1.971429063 0.006252906 66.000000000 6.580416000
372710.355852604 0.199761629 29.684688024 3.926577479 0.005403010 49.000000000 7.108719000
372710.455553770 0.099701166 16.799007204 1.205042654 0.007232500 37.000000000 6.194975000
372710.555849552 0.100295782 15.268416706 1.903435543 0.000397328 45.000000000 22.095975000
372710.755809546 0.199959993 30.391988516 3.772225764 0.041818480 28.000000000 13.967322000
372710.855782986 0.099973440 25.165905209 2.350988082 0.150523228 34.000000000 6.540563000
372710.955732584 0.099949598 15.055002037 1.827636858 0.088965236 50.000000000 6.238073000
372711.055780411 0.100047827 17.893483042 1.821059027 0.031129927 57.000000000 6.259010000
372711.155531406 0.099750996 18.137230252 1.806142352 0.066769188 54.000000000 14.920223000
372711.255487442 0.099956036 18.180791345 2.389931296 0.190579930 41.000000000 8.228219000
372711.455508471 0.200021029 24.553399663 3.645269245 0.044076674 33.000000000 6.883192000
372711.555550575 0.100042105 19.032851430 2.497477429 0.145018429 50.000000000 6.856112000
372711.656025410 0.100474834 18.444858277 1.848994894 0.014569826 65.000000000 6.427167000
372711.755769014 0.099743605 15.346366532 1.831681435 0.017488277 68.000000000 14.032824000
372711.855725765 0.099956751 17.178535638 1.834665380 0.001609682 74.000000000 7.170185000
372711.957748628 0.102022863 18.814251596 1.867071544 0.053491913 82.000000000 29.081403000
372712.058024860 0.100276232 18.453732586 1.823918065 0.001727566 77.000000000 6.327540000
372712.158064818 0.100039959 16.591331745 1.807163812 0.004355135 75.000000000 6.621009000
372712.258146739 0.100081921 19.763923136 1.795849812 0.037441491 79.000000000 9.218157000
372712.358108497 0.099961758 19.510298203 2.745961790 0.198008119 69.000000000 13.437711000
372712.458739731 0.100631234 17.582027083 1.809970085 0.016640618 45.000000000 7.848081000
372712.558230141 0.099490410 16.084396022 2.676656271 0.046297907 39.000000000 14.689384000
372712.658365525 0.100135384 23.190994098 2.067600559 0.242880625 55.000000000 7.299570000
372712.760831496 0.102465971 18.683564226 2.007279350 0.096927209 66.000000000 17.342626000
372712.858446733 0.097615237 16.127095630 1.995394079 0.115926713 68.000000000 15.709140000
372712.959186588 0.100739855 15.978325493 1.831976949 0.035049214 74.000000000 5.807587000
372713.059641937 0.100455350 16.028386468 1.982049194 0.126239608 67.000000000 6.050771000
372713.159845729 0.100203792 15.230282672 2.015540502 0.042431960 63.000000000 8.447454000
372713.359436741 0.199591011 26.758172820 3.539638001 0.000218007 52.000000000 5.895439000
372713.559443964 0.200007223 18.928982860 3.410345888 0.006364301 62.000000000 5.701839000
372713.759257385 0.199813421 18.807501995 3.409279612 0.001510904 62.000000000 6.628370000
372713.959010635 0.199753250 16.386966714 3.689663731 0.005697049 64.000000000 10.343000000
372714.158800668 0.199790033 21.188909139 3.391880827 0.033547359 60.000000000 5.416367000
372714.458739136 0.299938469 22.510963211 5.439748544 0.232073326 62.000000000 11.955073000
372714.658536447 0.199797311 17.047400505 3.634658037 0.021223130 60.000000000 5.728471000
372714.958700473 0.300164026 17.999570802 5.390800546 0.054250539 42.000000000 6.940592000
372715.358600865 0.399900392 18.014920764 7.119231754 0.046593393 34.000000000 5.808387000
372715.658933301 0.300332436 17.251758923 5.347081503 0.118800460 35.000000000 7.270318000
372716.058992942 0.400059641 17.057176194 7.083820451 0.094735758 30.000000000 6.080789000
372716.359822206 0.300829265 15.463737378 5.362265464 0.038786837 31.000000000 8.131986000
372716.659203724 0.299381518 18.898545864 5.312800859 0.117730804 38.000000000 6.217101000
372716.959094658 0.299890934 17.869276894 5.311060192 0.030277290 39.000000000 6.702163000
372717.259244011 0.300149353 17.401932483 5.296280692 0.052781396 43.000000000 25.318141000
372717.559231897 0.299987886 19.595126231 5.271109957 0.074681683 31.000000000 8.050292000
372717.859451113 0.300219216 17.651762025 5.290601215 0.020385459 23.000000000 6.614039000
372718.059259411 0.199808298 20.882604642 3.028378737 0.047925131 32.000000000 7.235543000
372718.259576982 0.200317571 19.634827473 3.250923125 0.162373357 33.000000000 27.877390000
372718.459844759 0.200267777 18.264291845 3.570924042 0.036703920 38.000000000 9.341640000
372718.659952338 0.200107579 16.489819382 3.585262067 0.051762837 55.000000000 5.557694000
372718.959871764 0.299919426 21.625502380 5.361137404 0.043272000 56.000000000 6.466919000
372719.260081440 0.300209676 20.325117386 5.365101921 0.032705792 47.000000000 7.085193000
372719.459702444 0.199621004 15.511573406 3.030772459 0.019099524 42.000000000 6.552015000
372719.660004004 0.200301560 17.369827699 3.271595958 0.017891996 51.000000000 6.371609000
372719.859955896 0.199951892 18.763459042 3.262124679 0.041225128 51.000000000 7.128312000
372720.160042161 0.300086265 22.061651752 5.496415446 0.176150872 48.000000000 5.621647000
372720.360176971 0.200134810 18.409316253 3.154233120 0.076401745 38.000000000 9.763786000
372720.560273540 0.200096569 18.403628292 3.328474167 0.043704779 46.000000000 7.722971000
372720.760281820 0.200008281 18.199033834 3.714354407 0.062332419 46.000000000 8.111727000
372720.960576861 0.200295041 18.455660565 3.723216823 0.034360008 56.000000000 12.641635000
372721.160716387 0.200139526 18.699426916 3.355621562 0.050314760 51.000000000 6.615307000
372721.360572782 0.199856394 19.440566354 3.359433412 0.019672571 43.000000000 13.043828000
372721.560502248 0.199929466 17.690112831 3.350804235 0.009090488 37.000000000 6.208570000
372721.860773293 0.300271045 20.776111658 5.560208709 0.017833133 44.000000000 17.233868000
372722.060569127 0.199795834 15.042582750 3.186609398 0.028063622 44.000000000 15.586660000
372722.260639796 0.200070669 21.856589097 3.777959068 0.028754021 58.000000000 9.787154000
372722.460495844 0.199856047 19.516387405 3.788270262 0.010445293 48.000000000 9.352179000
372722.660763552 0.200267709 19.257317078 3.451938625 0.025490826 45.000000000 5.796163000
372722.860639730 0.199876178 19.590994704 3.431985751 0.031867738 41.000000000 7.397762000
372723.060936533 0.200296802 26.629885992 3.413466980 0.048861514 40.000000000 15.245274000
372723.260755965 0.199819432 25.582282861 3.424492911 0.008960855 33.000000000 6.788484000
372723.460763440 0.200007475 19.620547911 3.413696962 0.028419848 35.000000000 6.821662000
372723.661033067 0.200269628 18.594802572 3.791169497 0.039447291 47.000000000 5.807501000
372723.860800237 0.199767169 16.817808523 3.439900993 0.026812089 47.000000000 6.121833000
372724.160896980 0.300096744 19.930095732 5.661831913 0.002001502 42.000000000 6.775789000
372724.360582394 0.199685414 22.168797359 3.810998292 0.017012582 48.000000000 16.525691000
372724.460842175 0.100259781 18.475729768 1.858885251 0.027099661 64.000000000 7.981128000
372724.560677229 0.099835054 23.553552364 1.851524585 0.032536528 63.000000000 7.196960000
372724.660823659 0.100146429 23.117627876 2.407699500 0.059075373 61.000000000 6.186256000
372724.760838581 0.100014922 20.427099520 2.042970797 0.038224022 72.000000000 6.950467000
372724.861013904 0.100175323 18.954763867 1.880917933 0.013148075 68.000000000 6.232955000
372724.961245488 0.100231584 23.335761697 2.073650256 0.060677463 54.000000000 5.677767000
372725.061037722 0.099792234 21.496274743 2.068261210 0.015532126 74.000000000 5.628763000
372725.160777910 0.099740188 21.101322131 2.260849316 0.054555509 66.000000000 6.134686000
372725.260628715 0.099850804 21.318462896 1.887297618 0.042061986 76.000000000 6.072024000
372725.362208141 0.101579426 20.462196519 2.229234799 0.039730011 77.000000000 5.641114000
372725.460467212 0.098259072 22.058090552 1.849510105 0.048411350 82.000000000 13.947904000
372725.560358159 0.099890947 20.689259849 1.883684852 0.002753497 83.000000000 17.685528000
372725.660523712 0.100165552 19.412182833 1.875380972 0.025136015 84.000000000 11.848677000
372725.760675728 0.100152016 18.336431920 2.215226620 0.028126672 76.000000000 5.767861000
372725.859950955 0.099275228 20.151954164 1.850749024 0.020354270 78.000000000 6.071048000
372725.960402279 0.100451324 19.909828938 2.169520295 0.020794862 70.000000000 11.561269000
372726.060139447 0.099737167 18.615460173 2.215202166 0.070601116 61.000000000 6.517935000
372726.160869778 0.100730332 19.143975058 1.886154961 0.053282295 64.000000000 5.807062000
372726.261083545 0.100213766 19.473401654 2.244159675 0.014767627 71.000000000 7.295816000
372726.361470671 0.100387126 22.519083973 2.259210578 0.035942680 72.000000000 6.069274000
372726.461381853 0.099911182 20.637338526 2.068016017 0.074558514 77.000000000 6.204707000
372726.561527788 0.100145936 21.509263385 2.056620118 0.054674957 73.000000000 5.878464000
372726.661283782 0.099755993 18.637242344 1.883987415 0.019290097 71.000000000 5.842015000
372726.761494377 0.100210595 18.435382036 2.190431133 0.000678265 61.000000000 5.897943000
372726.861516576 0.100022198 20.965688669 2.036629764 0.020138991 79.000000000 6.379234000
372726.961954123 0.100437548 23.892399443 1.895287066 0.026927855 83.000000000 11.571104000
372727.061807528 0.099853405 21.036183400 2.052791985 0.002980384 83.000000000 7.515731000
372727.162181369 0.100373841 19.599767667 2.059975176 0.009442173 84.000000000 6.547323000
372727.261844962 0.099663593 22.043807011 2.042623800 0.001308125 88.000000000 9.307266000
372727.361733166 0.099888204 20.934149255 2.037098628 0.007660307 81.000000000 8.689868000
372727.461710218 0.099977052 19.850741475 2.075499992 0.013906513 69.000000000 10.518917000
372727.561112602 0.099402384 24.288803786 2.226594200 0.004220534 65.000000000 7.777395000
372727.661361121 0.100248519 20.130595464 2.098271566 0.026743916 71.000000000 7.707413000
372727.761215750 0.099854629 21.501536330 1.905694196 0.002596334 76.000000000 6.772769000
372727.861433699 0.100217949 20.089680622 2.069906200 0.019036466 78.000000000 6.088790000
372727.961988274 0.100554575 20.567469797 2.093740498 0.015564162 79.000000000 9.726102000
372728.061764199 0.099775925 22.498856530 2.047571851 0.008244528 81.000000000 6.295594000
372728.161806427 0.100042228 17.411168640 2.060164611 0.018149363 82.000000000 6.560782000
372728.361980256 0.200173830 28.374817326 3.967513337 0.006309601 64.000000000 7.271115000
372728.461884317 0.099904060 15.475191482 1.909724042 0.004131729 84.000000000 20.593280000
372728.562163876 0.100279559 16.714580549 1.913452072 0.003025081 78.000000000 7.351495000
372728.761853517 0.199689641 25.812280967 3.956136290 0.031041500 56.000000000 6.172812000
372728.964280190 0.202426673 25.429317647 3.684278061 0.044941153 53.000000000 7.095134000
372729.162032600 0.197752409 21.591389999 3.598233011 0.022199767 46.000000000 7.895585000
372729.362157964 0.200125365 23.134957404 3.675477498 0.044557831 53.000000000 7.089507000
372729.562175179 0.200017215 22.839364425 3.638081713 0.005537633 45.000000000 6.446311000
372729.762506525 0.200331346 22.763254680 3.654171650 0.025721522 46.000000000 6.177271000
372729.962120224 0.199613699 23.667405907 3.650534869 0.061702529 43.000000000 6.216665000
372730.062066246 0.099946022 15.436296880 2.184716743 0.047801284 59.000000000 6.295850000
372730.162244449 0.100178203 15.021868394 2.189415506 0.130946988 61.000000000 6.103709000
372730.362070663 0.199826214 25.639508598 3.789568647 0.238066349 55.000000000 7.252415000
372730.461973769 0.099903107 15.586770916 2.037470436 0.092496256 68.000000000 8.436780000
372730.667048431 0.205074662 29.219546550 4.030456408 0.237434867 60.000000000 6.196175000
372730.861932066 0.194883635 27.876829436 3.548586068 0.108425989 49.000000000 5.709474000
372731.061943176 0.200011110 24.604287806 3.567304254 0.015484847 43.000000000 8.084361000
372731.161856534 0.099913359 15.018693012 2.273902371 0.017550490 58.000000000 6.392801000
372731.261875731 0.100019197 16.508182397 2.174476991 0.030302304 62.000000000 6.890348000
372731.361672241 0.099796510 15.882221037 1.886831816 0.000084819 64.000000000 10.252075000
372731.561781942 0.200109701 29.237129670 3.781761073 0.045113484 52.000000000 6.234326000
372731.761676687 0.199894745 22.172622838 3.628689380 0.013601915 49.000000000 6.152927000
372731.961617507 0.199940820 22.858127954 3.607084841 0.049020787 48.000000000 5.979137000
372732.161374456 0.199756950 21.147697000 3.594664915 0.064048192 51.000000000 6.231082000
372732.361337964 0.199963507 27.789399126 3.620917630 0.147554998 48.000000000 5.986028000
372732.561269025 0.199931061 21.289685953 3.882359662 0.006623978 43.000000000 5.987965000
372732.761386649 0.200117624 27.860884295 3.878557635 0.002465411 54.000000000 6.333306000
372732.861380116 0.099993467 17.105192380 1.867666090 0.006298584 62.000000000 6.147640000
372732.961471881 0.100091765 15.770213244 2.163246507 0.045631467 51.000000000 5.881414000
372733.061540906 0.100069025 17.994565263 2.008699737 0.016216993 48.000000000 8.020302000
372733.261490203 0.199949297 27.444063945 3.720987494 0.034168655 39.000000000 7.291751000
372733.461363426 0.199873223 24.371657528 3.838533142 0.045152818 40.000000000 5.874146000
372733.661263101 0.199899675 19.148939176 3.549962713 0.091762458 38.000000000 17.286079000
372733.861153855 0.199890754 23.151911851 3.542256912 0.064825379 42.000000000 5.942635000
372734.060998246 0.199844391 23.628044911 3.793943053 0.068108041 43.000000000 14.404295000
372734.261170705 0.200172459 20.449803297 3.510083425 0.110739182 39.000000000 9.829499000
372734.461078288 0.199907583 24.006817721 3.774460330 0.058232468 39.000000000 6.260152000
372734.561240318 0.100162029 16.769311847 1.822582610 0.010468739 50.000000000 6.526928000
372734.661303043 0.100062725 17.208267904 2.122954604 0.057018002 40.000000000 8.940539000
372734.861274291 0.199971248 19.461095671 3.756486543 0.027665468 33.000000000 9.696514000
372735.061030344 0.199756053 25.541889045 3.375842074 0.056809158 24.000000000 7.251417000
372735.161059098 0.100028753 20.033177079 2.187138475 0.011379396 31.000000000 9.820792000
372735.261058779 0.099999682 18.952330489 2.040516121 0.000384624 30.000000000 36.672809000
372735.461219987 0.200161208 22.460459928 3.728213573 0.006667564 28.000000000 6.108509000
372735.561318835 0.100098848 16.741864493 1.797298818 0.004737551 38.000000000 10.524516000
372735.661401054 0.100082219 15.013598646 1.790126780 0.011195318 37.000000000 7.091934000
372735.861456784 0.200055730 26.533644114 3.577904251 0.010514001 34.000000000 5.984327000
372736.061366746 0.199909962 23.314232078 3.698121263 0.032703358 41.000000000 10.799289000
372736.161424348 0.100057602 15.656723459 1.784288895 0.032570694 53.000000000 8.715198000
372736.261396131 0.099971783 18.686090737 1.777030739 0.029693374 55.000000000 5.656325000
372736.361536788 0.100140657 18.760633544 2.044831354 0.044853264 55.000000000 10.832489000
372736.461418619 0.099881831 19.379252994 2.018128729 0.026807303 52.000000000 6.189799000
372736.561465982 0.100047362 17.978440041 1.776875024 0.026903237 39.000000000 5.988907000
372736.661872420 0.100406439 22.438562790 1.925869622 0.015575325 40.000000000 6.360488000
372736.761642208 0.099769788 16.759379906 1.882726289 0.038797309 41.000000000 6.343032000
372736.961767233 0.200125025 23.205018045 3.679352670 0.056570449 38.000000000 7.420467000
372737.161372376 0.199605143 20.933940353 3.409022261 0.042025344 45.000000000 6.416775000
372737.361469107 0.200096731 26.244014661 3.417702829 0.025561771 51.000000000 6.251256000
372737.561848411 0.200379304 24.637712768 3.440032624 0.011507560 56.000000000 8.236846000
372737.661813030 0.099964619 15.240819943 1.989595252 0.015481806 67.000000000 11.572068000
372737.761637565 0.099824535 19.543184997 1.750578995 0.011237682 60.000000000 9.688428000
372737.864866548 0.103228984 18.669371472 2.166779450 0.013367825 42.000000000 8.305677000
372737.963125705 0.098259156 19.547915060 1.852807609 0.021301508 53.000000000 7.124385000
372738.061417339 0.098291635 24.437336125 1.724361198 0.012227904 57.000000000 6.264064000
372738.161401168 0.099983829 18.475458904 1.765604645 0.050754041 52.000000000 5.794696000
372738.261348705 0.099947537 18.198848349 2.074629809 0.001488648 62.000000000 5.727021000
372738.461703321 0.200354616 25.947746672 3.626655708 0.004586174 46.000000000 5.845939000
372738.561731836 0.100028515 15.371807653 1.743759928 0.013864373 57.000000000 6.776920000
372738.661703740 0.099971904 15.130983357 1.994771661 0.024020791 54.000000000 13.336235000
372738.761690840 0.099987101 15.255054641 1.740475505 0.009071716 48.000000000 24.175460000
372738.861611352 0.099920511 20.055501634 1.856916008 0.004329069 48.000000000 7.114546000
372738.961708369 0.100097018 16.239866315 1.840181152 0.047185174 45.000000000 6.835917000
372739.061665426 0.099957056 17.974645535 1.727399402 0.004432479 40.000000000 7.274716000
372739.261698779 0.200033354 27.961490572 3.574794849 0.017771426 32.000000000 5.615148000
372739.361661729 0.099962950 19.657466178 1.749741671 0.006802903 48.000000000 5.928599000
372739.461300629 0.099638900 20.333103679 2.174811384 0.038426696 40.000000000 7.392330000
372739.561281083 0.099980454 19.027870082 1.726357070 0.001975705 57.000000000 15.961682000
372739.661814258 0.100533174 21.608940813 1.811388266 0.005408787 57.000000000 7.753084000
372739.761647273 0.099833016 20.192294406 1.813884782 0.012015220 40.000000000 6.836561000
372739.861723408 0.100076135 18.663210097 1.946773007 0.017431271 44.000000000 8.170381000
372739.961476507 0.099753100 15.893964862 1.821209782 0.003419016 56.000000000 6.459017000
372740.061616800 0.100140292 17.334878765 1.831692384 0.007924008 54.000000000 6.148852000
372740.162042675 0.100425875 16.546584358 1.837055848 0.016500594 46.000000000 9.402030000
372740.361489850 0.199447176 26.688770417 3.452941599 0.026040536 40.000000000 8.517904000
372740.561453013 0.199963163 26.027414216 3.391408636 0.030395285 39.000000000 7.555392000
372740.761570295 0.200117282 26.168605061 3.413837847 0.018008927 33.000000000 6.062626000
372740.961650755 0.200080460 28.664925126 3.419091428 0.037754082 29.000000000 6.038823000
372741.061344292 0.099693537 17.187469676 1.744026266 0.009012178 39.000000000 6.615951000
372741.163280530 0.101936238 20.147383618 2.035680924 0.037920815 41.000000000 5.825170000
372741.361200188 0.197919658 27.400029208 3.445826921 0.013051854 41.000000000 6.957638000
372741.561295847 0.200095659 22.366845836 3.517474649 0.011224907 43.000000000 5.676331000
372741.661347012 0.100051165 16.463009242 1.933457247 0.021476394 53.000000000 13.801980000
372741.762099821 0.100752809 17.554010380 1.784396260 0.001984014 46.000000000 6.014290000
372741.861624020 0.099524199 15.071911716 2.057622468 0.004894636 41.000000000 7.469927000
372741.961581410 0.099957391 18.171525824 1.895943827 0.020938116 47.000000000 13.006989000
372742.061601819 0.100020409 16.296825678 1.778005739 0.000052718 55.000000000 5.851712000
372742.161460758 0.099858939 17.174984834 1.768560157 0.003663171 53.000000000 6.079961000
372742.261623852 0.100163094 18.710807030 2.096775737 0.047766481 44.000000000 7.281428000
372742.361466081 0.099842229 16.816606520 1.864585475 0.023972544 44.000000000 5.694116000
372742.461547404 0.100081323 15.625307315 1.872028119 0.001326675 58.000000000 10.572433000
372742.561659240 0.100111836 16.612190673 1.776920834 0.000105303 55.000000000 13.104371000
372742.761460463 0.199801223 28.342534225 3.696733945 0.001291652 44.000000000 9.694356000
372742.961517049 0.200056586 25.679689014 3.717877344 0.010120409 41.000000000 16.899717000
372743.061532213 0.100015163 16.533195243 1.794082855 0.009391902 52.000000000 6.166644000
372743.161539610 0.100007397 19.281483636 1.965342253 0.016277367 52.000000000 6.668494000
372743.261965475 0.100425866 15.959887129 1.799367165 0.004037950 52.000000000 10.195172000
372743.361616323 0.099650847 20.980073761 1.880987732 0.031808544 51.000000000 6.138855000
372743.561545745 0.199929422 27.435779454 3.578679946 0.032346340 40.000000000 9.214210000
372743.761513702 0.199967957 24.701610539 3.600494128 0.022059577 45.000000000 7.275496000
372743.861721269 0.100207567 17.590178546 2.014596346 0.010157550 55.000000000 13.646537000
372743.961790818 0.100069549 19.165299948 1.997348598 0.014281321 57.000000000 5.681733000
372744.061598551 0.099807733 21.932881557 1.822415864 0.004971461 63.000000000 6.353751000
372744.161486270 0.099887720 19.146100598 1.981837962 0.004346515 61.000000000 12.590339000
372744.261586255 0.100099985 20.591010103 1.830972947 0.008798510 57.000000000 5.424176000
372744.361550397 0.099964142 19.174306973 1.914054714 0.001729665 64.000000000 6.174704000
372744.461473892 0.099923496 20.259524389 1.831574886 0.001043184 57.000000000 7.616117000
372744.561593389 0.100119496 16.344667416 2.121677084 0.025130785 60.000000000 9.097618000
372744.661498326 0.099904937 19.361564076 1.841128807 0.002910122 64.000000000 7.067447000
372744.761456826 0.099958500 15.354594357 1.917229364 0.003500209 40.000000000 6.111436000
372744.961432150 0.199975324 24.501816484 3.774886883 0.006807264 38.000000000 5.188568000
372745.161762810 0.200330659 26.110677749 3.698753660 0.043523176 38.000000000 8.138982000
372745.261756039 0.099993229 18.789033378 2.030492324 0.013264095 46.000000000 9.821673000
372745.361877301 0.100121262 16.143850828 2.049080242 0.041503793 38.000000000 6.431673000
372745.461874275 0.099996974 21.267951041 1.866379949 0.002679322 46.000000000 9.410479000
372745.561806103 0.099931828 15.866492963 1.950617023 0.004141836 37.000000000 6.740969000
372745.661751286 0.099945183 16.528935352 1.959909884 0.001817900 36.000000000 10.562507000
372745.761744276 0.099992990 16.160247993 1.947011814 0.007147916 39.000000000 6.147912000
372745.861707559 0.099963283 15.779373652 1.963123818 0.018424639 48.000000000 6.902585000
372746.061983407 0.200275847 28.217556274 3.854949798 0.002013377 39.000000000 6.164274000
372746.162229121 0.100245714 17.122448842 1.971516439 0.048449987 42.000000000 8.199858000
372746.262217433 0.099988312 16.426679846 1.887440755 0.016331731 45.000000000 8.377205000
372746.461860064 0.199642631 28.033418579 3.943449414 0.019454761 44.000000000 5.689467000
372746.561887864 0.100027800 15.183416379 1.900368211 0.039782887 53.000000000 6.012589000
372746.661798643 0.099910779 16.026324177 1.899769345 0.009021460 54.000000000 6.752674000
372746.764951332 0.103152690 16.918017037 2.190213499 0.027828324 51.000000000 9.189096000
372746.862390726 0.097439394 16.337006380 1.864694195 0.020576649 54.000000000 6.489358000
372746.962316128 0.099925402 16.554460018 1.978102874 0.011056835 64.000000000 6.950773000
372747.162190918 0.199874790 27.419349411 4.010188896 0.040051740 55.000000000 13.164055000
372747.262412313 0.100221395 15.594593213 1.936890451 0.012747470 57.000000000 11.118109000
372747.362159505 0.099747191 20.826279823 1.930097743 0.005205607 53.000000000 20.569677000
372747.462261011 0.100101506 17.166406588 2.081682757 0.018895850 53.000000000 8.147687000
372747.562262132 0.100001121 16.712228191 2.056507147 0.023849780 59.000000000 6.729145000
372747.662478505 0.100216373 17.830273334 2.010281791 0.033609239 50.000000000 6.411219000
372747.862279983 0.199801478 25.372225538 3.979881038 0.009473271 42.000000000 6.858209000
372748.062357752 0.200077769 20.330908001 3.921386084 0.062476710 38.000000000 5.517088000
372748.162772028 0.100414276 15.960874029 2.114101781 0.014489813 48.000000000 7.546968000
372748.262632545 0.099860517 15.995159103 2.066425265 0.053529540 47.000000000 9.160057000
372748.362420445 0.099787900 17.016389090 2.008519531 0.082707857 56.000000000 7.361376000
372748.564669931 0.202249486 27.647412580 4.118621259 0.133227629 44.000000000 5.812385000
372748.662604654 0.097934723 20.429519145 1.920667216 0.003997167 68.000000000 6.160311000
372748.762630194 0.100025541 18.534998381 1.967963623 0.001695025 52.000000000 14.690832000
372748.862543962 0.099913767 21.363116806 1.969713409 0.030207782 52.000000000 13.451179000
372748.962710141 0.100166179 17.038194244 2.227658571 0.048681783 36.000000000 6.254195000
372749.062810897 0.100100756 16.069590569 1.974623162 0.027163907 36.000000000 6.725632000
372749.162901875 0.100090978 19.300106167 2.162985555 0.063039880 35.000000000 6.933432000
372749.262768919 0.099867044 15.970012667 1.976601816 0.054486347 35.000000000 9.478951000
372749.462681525 0.199912606 26.760848364 4.139125537 0.002573128 30.000000000 7.115336000
372749.562895529 0.100214005 15.315340657 1.985880690 0.012822787 38.000000000 7.765204000
372749.663154403 0.100258874 16.561045136 1.987186342 0.091095412 44.000000000 6.947718000
372749.862667000 0.199512597 20.269846290 4.093954143 0.011278045 39.000000000 6.401644000
372750.062673632 0.200006632 24.348191225 4.060937615 0.011271412 43.000000000 5.716837000
372750.262498468 0.199824836 23.745517031 4.170519032 0.033014641 45.000000000 5.689423000
372750.562313813 0.299815345 18.839934818 6.218313603 0.045350911 36.000000000 6.405907000
372750.762677570 0.200363757 21.240620714 4.042480702 0.133992914 44.000000000 6.302428000
372750.962524099 0.199846529 19.067246333 4.076951616 0.015960005 38.000000000 12.050270000
372751.162452997 0.199928897 22.755965714 4.102831261 0.030393923 46.000000000 5.817128000
372751.362341598 0.199888602 23.143948172 4.101606277 0.018932986 51.000000000 6.157253000
372751.562232070 0.199890472 25.222546443 4.118369003 0.087948764 56.000000000 7.141645000
372751.762248487 0.200016417 22.718213278 4.142471232 0.118277134 51.000000000 7.377761000
372751.962073354 0.199824867 27.307836920 4.125830779 0.088176605 52.000000000 9.262087000
372752.061855583 0.099782228 16.047927691 2.167878924 0.030595012 66.000000000 6.779388000
372752.164582253 0.102726670 17.964403097 2.216546881 0.041123004 61.000000000 5.791021000
372752.362028663 0.197446410 26.032832367 4.169514375 0.015865786 54.000000000 6.279135000
372752.462210957 0.100182295 15.942045556 1.947189291 0.002692258 67.000000000 7.392312000
372752.562005095 0.099794138 16.094701637 2.043868326 0.040545159 56.000000000 17.657027000
372752.662202858 0.100197763 18.217485346 2.319470716 0.041568393 52.000000000 5.938241000
372752.762272278 0.100069420 16.545173304 2.131698148 0.083730074 52.000000000 6.284760000
372752.862205127 0.099932849 18.261908301 2.073803228 0.075121991 49.000000000 6.690754000
372752.962331692 0.100126565 19.786207248 2.123679395 0.076821380 40.000000000 6.083542000
372753.062183459 0.099851766 16.795342895 2.164888755 0.022572085 45.000000000 7.099116000
372753.162291759 0.100108301 19.091561299 2.064627112 0.026742202 45.000000000 8.653616000
372753.362363338 0.200071578 33.279301367 4.210918974 0.060381730 34.000000000 6.661644000
372753.462210416 0.099847078 17.373548715 2.199039229 0.065168171 53.000000000 5.893957000
372753.561969387 0.099758971 17.206473323 2.077749515 0.040160281 50.000000000 7.483204000
372753.662157678 0.100188290 15.544090661 2.211009730 0.000736260 55.000000000 6.340480000
372753.761959877 0.099802199 16.471597874 2.082294236 0.026542896 52.000000000 6.146839000
372753.861944417 0.099984540 16.709902837 2.225328061 0.056723725 45.000000000 8.587107000
372753.964035790 0.102091373 19.291380762 2.178951168 0.000782079 46.000000000 7.650184000
372754.061914598 0.097878808 21.357967422 2.044568646 0.035092428 50.000000000 7.833044000
372754.161989804 0.100075207 16.058615940 2.146235350 0.043423789 39.000000000 10.104397000
372754.262045892 0.100056088 16.844955650 1.997337190 0.013095178 45.000000000 7.347613000
372754.361960342 0.099914450 19.639152334 2.329476564 0.018931946 44.000000000 8.430209000
372754.462154078 0.100193736 19.425519209 2.189075033 0.010326966 41.000000000 6.647480000
372754.561842826 0.099688747 18.650823457 2.110637629 0.028617281 39.000000000 6.037868000
372754.661850964 0.100008138 16.870608594 2.170326397 0.007721479 42.000000000 10.192039000
372754.761872053 0.100021089 17.200056191 2.167844965 0.021394996 37.000000000 9.102113000
372754.861887053 0.100015000 20.970581294 2.116429357 0.031998375 36.000000000 6.777929000
372754.962029343 0.100142290 21.110391027 2.130448036 0.022856874 44.000000000 6.267261000
372755.061960668 0.099931324 18.322539418 2.257823729 0.007845303 35.000000000 10.178507000
372755.161906856 0.099946188 19.754511197 2.179773422 0.004264602 43.000000000 24.998401000
372755.261801589 0.099894734 16.577119427 2.133966831 0.004766163 48.000000000 6.675616000
372755.361999839 0.100198250 22.121656766 2.246337640 0.029462887 48.000000000 6.647312000
372755.461967841 0.099968002 17.345483812 2.186729190 0.006408506 38.000000000 5.843692000
372755.664249790 0.202281949 32.972199990 4.510336699 0.010693209 23.000000000 5.991858000
372755.862127351 0.197877561 22.618391307 4.305952739 0.005636744 25.000000000 11.975086000
372755.962267445 0.100140095 18.481730836 2.109757764 0.075937806 37.000000000 6.234868000
372756.062204211 0.099936765 16.291703274 2.146089380 0.034907636 44.000000000 6.362803000
372756.162050141 0.099845930 15.289379087 2.413297082 0.070719417 42.000000000 7.340211000
372756.262117531 0.100067390 20.410970189 2.219968653 0.037090404 47.000000000 14.945910000
372756.362305657 0.100188125 21.910586696 2.193280860 0.043011296 40.000000000 6.130216000
372756.462272368 0.099966711 19.963698844 2.223963797 0.058582481 34.000000000 6.576266000
372756.562111290 0.099838922 18.098154637 2.154280546 0.035594201 35.000000000 6.921407000
372756.763586038 0.201474748 27.831729652 4.452236800 0.152889702 30.000000000 9.728420000
372756.862961763 0.099375725 15.946803858 2.222286051 0.087588019 34.000000000 7.429247000
372756.961674075 0.098712312 16.379089543 2.266191791 0.042463782 33.000000000 8.808880000
372757.061865812 0.100191737 16.875507108 2.157358174 0.078166984 35.000000000 8.438697000
372757.161694486 0.099828673 19.617202450 2.200000357 0.015832420 26.000000000 6.263091000
372757.261800231 0.100105746 18.940851134 2.156684117 0.117347202 33.000000000 9.311623000
372757.463219859 0.201419627 36.086786064 4.497694093 0.036082558 17.000000000 6.071384000
372757.561751582 0.098531723 23.518049386 2.130019671 0.053425747 37.000000000 8.269888000
372757.661803598 0.100052017 15.950774280 2.145379629 0.040560558 40.000000000 6.745341000
372757.861668237 0.199864639 20.723116228 4.409719063 0.106083806 21.000000000 10.273384000
372758.061633644 0.199965407 18.285494401 4.355687374 0.082987671 26.000000000 8.303398000
372758.161918935 0.100285292 15.495926939 2.212359599 0.018957190 30.000000000 9.768196000
372758.361833615 0.199914680 33.514979588 4.380768855 0.003592644 33.000000000 12.626455000
372758.561726751 0.199893136 34.668299356 4.192950390 0.072898726 26.000000000 5.735733000
372758.661884488 0.100157738 17.400225717 2.277372163 0.035924701 37.000000000 5.939389000
372758.761893787 0.100009299 16.352113220 2.197392381 0.067468630 42.000000000 8.572752000
372758.861854332 0.099960545 17.269273063 2.085877919 0.045113889 42.000000000 7.283976000
372758.961803388 0.099949056 17.992328096 2.230125270 0.086047363 47.000000000 7.584737000
372759.061664282 0.099860893 18.868065640 2.116869724 0.073468477 44.000000000 6.150632000
372759.163992495 0.102328214 20.324513501 2.132331444 0.056091807 46.000000000 7.474173000
372759.261833441 0.097840946 18.721606701 2.032266818 0.083318894 49.000000000 6.774793000
372759.362023702 0.100190261 16.235981072 2.081706231 0.030835967 40.000000000 6.725439000
372759.462012500 0.099988799 16.470778432 2.366371001 0.175828091 35.000000000 6.642286000
372759.561986029 0.099973529 17.661589972 2.304837000 0.103766932 47.000000000 12.868967000
372759.662163106 0.100177077 17.486918059 2.125977670 0.037480596 46.000000000 6.754627000
372759.761967212 0.099804106 19.427855438 2.063573723 0.102079322 43.000000000 8.887588000
372759.861998101 0.100030889 15.886232903 2.111671890 0.051154804 47.000000000 7.012290000
372759.962038387 0.100040286 17.967778019 2.100081282 0.090234878 49.000000000 7.947507000
372760.062158770 0.100120383 17.361267311 2.063914919 0.128255499 50.000000000 14.524226000
372760.161921052 0.099762282 17.493289663 2.048335446 0.110757232 47.000000000 11.793351000
372760.361899673 0.199978621 27.035450134 4.175869813 0.169962080 32.000000000 8.435309000
372760.461742221 0.099842548 15.381753688 2.209623351 0.158184290 41.000000000 14.811345000
372760.661895135 0.200152913 29.293068217 4.250867509 0.178607119 39.000000000 6.098713000
372760.762106755 0.100211620 16.463976749 2.046619870 0.124117725 42.000000000 6.736396000
372760.962066063 0.199959308 20.741896308 4.235016839 0.221598334 27.000000000 8.459896000
372761.161815464 0.199749401 23.931320374 4.123595808 0.193152251 31.000000000 5.646847000
372761.361673813 0.199858349 23.086686876 4.140721989 0.203948660 38.000000000 9.295253000
372761.561630671 0.199956858 23.985116383 4.154991932 0.183837592 41.000000000 13.258420000
372761.761589585 0.199958914 19.140706446 4.045713830 0.143488291 31.000000000 6.289825000
372761.961522406 0.199932821 19.446151175 4.150916998 0.027464949 30.000000000 6.194879000
372762.161791992 0.200269587 26.433682114 4.086193987 0.019529105 32.000000000 6.540173000
372762.362019652 0.200227660 20.853516225 4.045693971 0.058378246 36.000000000 6.185019000
372762.462029332 0.100009680 15.263854407 2.069124450 0.038139200 52.000000000 7.267592000
372762.662116326 0.200086994 28.161722517 4.052926091 0.030016148 52.000000000 6.715672000
372762.862543751 0.200427426 22.829246114 4.134716708 0.058507720 52.000000000 12.386053000
372763.062261101 0.199717350 21.274297974 4.149660696 0.077638227 52.000000000 6.604900000
372763.262047428 0.199786327 21.345742771 4.107791361 0.144362445 38.000000000 6.464619000
372763.462184327 0.200136899 24.794295213 4.139044584 0.137756623 61.000000000 6.466130000
372763.662956687 0.200772360 28.854357785 4.052028955 0.303139815 52.000000000 6.195011000
372763.862449058 0.199492370 23.305807007 4.146225352 0.384910011 44.000000000 7.046794000
372764.062378047 0.199928989 25.072602032 4.141124851 0.288470507 52.000000000 16.286559000
372764.262705561 0.200327514 23.403139095 4.102284780 0.235192059 60.000000000 9.162696000
372764.462499346 0.199793785 20.831174491 4.185234238 0.214340991 50.000000000 9.382179000
372764.662313797 0.199814451 21.123770509 4.198632659 0.202594762 39.000000000 7.292923000
372764.962372441 0.300058644 20.541274490 6.303046894 0.251808218 38.000000000 6.277239000
372765.262211701 0.299839260 18.977359823 6.411748715 0.248832881 34.000000000 6.447943000
372765.562368630 0.300156929 16.521301003 6.518960055 0.193366508 31.000000000 6.925072000
372765.762229702 0.199861072 19.309876584 4.386884427 0.227210987 33.000000000 7.528419000
372766.062255308 0.300025606 20.239007190 6.575155879 0.583468850 30.000000000 9.455224000
372766.262361313 0.200106005 21.300141560 4.457713096 0.273395408 30.000000000 7.108131000
372766.462472847 0.200111534 27.861128858 4.462031993 0.297749268 36.000000000 6.144003000
372766.562630346 0.100157499 15.372785537 2.148033617 0.179322328 39.000000000 6.057798000
372766.662395022 0.099764676 20.393763699 2.151003171 0.116643396 50.000000000 8.039916000
372766.762626438 0.100231416 21.335699454 2.139246126 0.198996095 55.000000000 6.780906000
372766.862653366 0.100026928 18.475756289 2.123772501 0.116828888 63.000000000 9.049342000
372766.962480452 0.099827086 19.494810385 2.132522570 0.114469208 73.000000000 9.988080000
372767.062319906 0.099839454 18.368042529 2.175066186 0.043038301 62.000000000 14.438238000
372767.162367100 0.100047195 18.858181683 2.149868194 0.060987642 65.000000000 6.113624000
372767.262130732 0.099763632 18.850894957 2.204686016 0.086464908 63.000000000 6.075477000
372767.362070541 0.099939809 15.700681598 2.365754385 0.073039096 46.000000000 6.112741000
372767.461992561 0.099922020 16.611935514 2.253773081 0.075552922 45.000000000 7.737448000
372767.562263910 0.100271349 15.929889797 2.173287737 0.093234010 52.000000000 11.848750000
372767.662136917 0.099873007 17.567540740 2.173587768 0.156704476 58.000000000 6.301743000
372767.762003161 0.099866244 17.977977689 2.210976664 0.114980567 51.000000000 6.606595000
372767.862011465 0.100008305 16.521124960 2.176165551 0.121816235 57.000000000 6.487368000
372767.962124109 0.100112644 16.673741834 2.167256373 0.093286554 60.000000000 12.968754000
372768.164330418 0.202206309 27.282211256 4.559314214 0.206004363 38.000000000 6.857250000
372768.362058108 0.197727690 24.735090560 4.454522891 0.223917297 40.000000000 6.448030000
372768.462195342 0.100137234 18.262973720 2.008327461 0.113050671 66.000000000 7.516070000
372768.562595502 0.100400160 22.139567751 2.163261926 0.125387421 63.000000000 8.525425000
372768.662649768 0.100054266 21.132956659 2.344162425 0.087896727 63.000000000 14.916709000
372768.762450759 0.099800990 22.565920476 2.196211683 0.076229488 59.000000000 9.765133000
372768.862407818 0.099957059 21.118274479 2.151047853 0.059922697 71.000000000 11.424990000
372768.962342221 0.099934402 21.415787888 2.160889232 0.043614896 65.000000000 9.715942000
372769.062138924 0.099796703 19.316367030 2.236388135 0.044753654 50.000000000 8.304008000
372769.162215122 0.100076199 16.200802389 2.166406484 0.083182076 45.000000000 10.480329000
372769.262232482 0.100017360 15.904800738 2.306994472 0.120779064 38.000000000 6.874102000
372769.362391706 0.100159224 21.420380786 2.167659327 0.107173850 55.000000000 6.844319000
372769.462310225 0.099918519 22.732118985 2.191414047 0.056485718 46.000000000 6.687304000
372769.562279965 0.099969741 24.557473768 2.163171118 0.061734018 73.000000000 7.103032000
372769.662532332 0.100252367 26.010755574 2.098450842 0.075801951 73.000000000 7.051354000
372769.762552117 0.100019785 22.736441036 2.164827344 0.085068242 78.000000000 13.646598000
372769.862596478 0.100044360 21.012180284 2.232591972 0.051455294 64.000000000 6.711237000
372769.963434371 0.100837893 23.889372036 2.247257829 0.027902039 57.000000000 6.596843000
372770.062844032 0.099409661 21.834437845 2.218548102 0.061802900 52.000000000 11.113568000
372770.162877428 0.100033395 20.753754835 2.036451094 0.104998997 57.000000000 6.536306000
372770.262854819 0.099977391 21.509676445 2.365289948 0.071886307 74.000000000 6.474422000
372770.362777565 0.099922747 22.178945875 2.160688647 0.147706408 69.000000000 6.234139000
372770.462733178 0.099955613 19.898297269 2.150297058 0.038675466 57.000000000 6.920665000
372770.562698491 0.099965312 16.635732244 2.156251375 0.105789753 63.000000000 6.314262000
372770.662819072 0.100120582 17.587413955 2.162795304 0.162563291 60.000000000 6.419409000
372770.762867862 0.100048790 19.706810163 2.136246871 0.068011571 59.000000000 7.222069000
372770.862897090 0.100029228 17.442393780 2.147945326 0.155754993 53.000000000 12.589254000
372770.962807601 0.099910511 17.425655891 2.158443895 0.095498510 59.000000000 11.832970000
372771.062996018 0.100188416 17.814534910 2.150555496 0.137676129 63.000000000 11.887034000
372771.162712361 0.099716343 15.284456940 2.149883596 0.092308592 53.000000000 6.130610000
372771.262789915 0.100077554 15.725589362 2.205790316 0.147987864 42.000000000 6.004802000
372771.362685267 0.099895351 17.425370130 2.095920612 0.121896979 52.000000000 7.592975000
372771.462775306 0.100090039 17.732134593 2.137987537 0.109398721 50.000000000 6.766555000
372771.662590212 0.199814906 27.036419539 4.465316476 0.257468664 39.000000000 5.925674000
372771.862510852 0.199920640 27.576977745 4.450028459 0.161476039 38.000000000 5.650037000
372772.062599587 0.200088735 30.318792873 4.460658035 0.208037015 41.000000000 6.481176000
372772.262368085 0.199768498 24.764797382 4.526051756 0.146721288 27.000000000 7.451455000
372772.462196740 0.199828655 31.417342654 4.398427373 0.172222682 42.000000000 6.662996000
372772.561951073 0.099754333 15.313385376 2.097035469 0.116139641 47.000000000 9.721093000
372772.661925150 0.099974076 19.022186294 2.076686066 0.071181782 43.000000000 10.548727000
372772.761883333 0.099958183 19.169498928 2.088187191 0.159737268 44.000000000 7.828991000
372772.861810388 0.099927056 18.573253939 2.059530942 0.139101317 40.000000000 9.258793000
372772.961653736 0.099843347 22.013739095 2.079944603 0.161319769 52.000000000 8.694125000
372773.062090089 0.100436353 15.964531051 2.071471757 0.165892314 40.000000000 10.084364000
372773.161838133 0.099748045 15.737781022 2.069706693 0.128103753 39.000000000 15.624171000
372773.361328963 0.199490829 25.264591795 4.305806171 0.319677523 38.000000000 6.354970000
372773.462154988 0.100826025 17.216660796 2.073006173 0.161571260 50.000000000 8.241093000
372773.561554229 0.099399241 17.361740320 2.038877411 0.126940468 48.000000000 8.311626000
372773.761285815 0.199731586 25.960159565 4.277478800 0.238111081 37.000000000 6.851096000
372773.861492905 0.100207090 15.184816116 2.035426691 0.093465405 52.000000000 6.769361000
372774.061387892 0.199894987 28.040513172 4.235973558 0.161095834 41.000000000 12.888176000
372774.161525841 0.100137949 16.131526380 2.026276255 0.100127242 47.000000000 6.934531000
372774.261658629 0.100132788 17.960146367 2.025818848 0.052195130 45.000000000 6.440887000
372774.361527247 0.099868618 17.502193465 2.022476577 0.094318823 46.000000000 9.166851000
372774.461612572 0.100085325 20.331773409 2.043380634 0.026797629 51.000000000 6.829439000
372774.561836015 0.100223443 18.836304958 2.022086533 0.014944743 46.000000000 6.297373000
372774.662037327 0.100201313 21.859291345 2.021490931 0.051593098 37.000000000 8.047507000
372774.762256252 0.100218925 23.491842539 1.913246569 0.018432132 36.000000000 6.450034000
372774.862192460 0.099936208 16.403099771 2.007969348 0.060506818 48.000000000 10.008569000
372774.962319424 0.100126964 18.449572678 2.027337560 0.043236077 44.000000000 6.307268000
372775.062363439 0.100044016 19.271229564 2.024517177 0.073105410 48.000000000 6.767918000
372775.162581908 0.100218469 18.497775631 2.028030330 0.046842188 52.000000000 6.475093000
372775.263841848 0.101259940 19.026989705 1.999818367 0.051335622 35.000000000 7.510167000
372775.362943388 0.099101540 23.742147482 1.998772042 0.049363997 46.000000000 10.785642000
372775.462746467 0.099803079 20.644863316 2.015757948 0.062693488 47.000000000 12.643627000
372775.562738946 0.099992479 21.481309824 2.024486997 0.011601296 51.000000000 6.106792000
372775.662778499 0.100039553 17.390560255 2.007042685 0.005559473 41.000000000 8.818381000
372775.762927804 0.100149305 22.490252489 1.924139347 0.033617618 32.000000000 6.357025000
372775.862862011 0.099934206 15.675232526 2.009180722 0.009044105 44.000000000 6.417559000
372775.962849993 0.099987982 15.924187507 2.006565113 0.010117066 39.000000000 6.819482000
372776.063025995 0.100176002 15.879171163 2.005218058 0.008996984 34.000000000 6.411021000
372776.263873905 0.200847910 27.224994363 4.236071147 0.015291136 32.000000000 6.728116000
372776.363366932 0.099493027 16.064906246 1.988959130 0.046404088 40.000000000 12.061724000
372776.563549728 0.200182796 35.662336114 3.990477243 0.155378348 24.000000000 6.765267000
372776.764895500 0.201345773 18.283333509 4.023012388 0.122063512 19.000000000 11.329431000
372776.963326717 0.198431217 24.118832790 3.990403140 0.113185721 25.000000000 6.687545000
372777.063547874 0.100221157 16.489569531 1.989990374 0.093176322 50.000000000 6.745351000
372777.163666055 0.100118181 17.445285698 1.955806925 0.070572474 59.000000000 6.688974000
372777.363793714 0.200127659 26.957300647 3.981699214 0.172716530 35.000000000 6.862749000
372777.563835695 0.200041981 32.071106922 3.977840455 0.204372886 28.000000000 5.931002000
372777.664023712 0.100188017 19.063169515 1.983106056 0.118725898 44.000000000 8.899626000
372777.763914956 0.099891245 21.785959321 1.915471685 0.123189529 41.000000000 6.510278000
372777.863748686 0.099833730 22.735708577 1.994394870 0.096266068 40.000000000 7.644412000
372777.963658350 0.099909664 22.272573306 1.995604496 0.098111131 45.000000000 8.877605000
372778.063760566 0.100102217 28.631858521 1.907489528 0.063090936 40.000000000 7.426950000
372778.163660886 0.099900319 27.475750603 2.009229556 0.075033671 48.000000000 6.170544000
372778.263597117 0.099936231 21.352614574 1.985567506 0.051277499 54.000000000 6.611564000
372778.363770335 0.100173219 19.801419984 2.026646991 0.063703500 55.000000000 6.434411000
372778.464206989 0.100436654 19.494900312 2.033547652 0.064427205 62.000000000 7.164503000
372778.563999280 0.099792291 17.815582849 2.023272651 0.069053005 54.000000000 6.482861000
372778.664133521 0.100134241 19.785379581 2.038036361 0.036431292 39.000000000 6.520903000
372778.764055060 0.099921539 17.211342942 2.024346914 0.012501138 49.000000000 13.777869000
372778.865163007 0.101107947 17.621394136 2.061202414 0.023243338 59.000000000 16.183366000
372778.964224848 0.099061840 16.229978808 2.017105048 0.059726382 55.000000000 6.623628000
372779.064458154 0.100233306 17.016895306 2.062768483 0.059337743 52.000000000 9.867756000
372779.164452227 0.099994073 18.298100900 2.017427815 0.082773733 57.000000000 9.505576000
372779.264329692 0.099877465 16.815172065 2.039265266 0.073539570 52.000000000 9.815809000
372779.364295474 0.099965782 21.059711633 1.899884011 0.047012783 50.000000000 11.573591000
372779.464240745 0.099945271 18.147371180 1.947984709 0.050624325 52.000000000 11.940246000
372779.564406573 0.100165827 18.213285659 2.037624034 0.075192399 64.000000000 5.536640000
372779.664523034 0.100116462 17.555688667 2.039267285 0.070338460 60.000000000 6.530286000
372779.764281552 0.099758518 20.853726860 2.037533918 0.091314069 72.000000000 7.668787000
372779.864309723 0.100028171 20.473787731 2.043358603 0.085023126 66.000000000 5.946065000
372779.964290666 0.099980942 19.521181620 2.034310304 0.087529016 70.000000000 7.616972000
372780.064348589 0.100057923 18.215107503 2.040241224 0.035981100 69.000000000 6.279514000
372780.164153347 0.099804758 18.598922668 1.981237388 0.005731065 68.000000000 5.998502000
372780.264104685 0.099951339 17.281077039 2.042629842 0.008530770 75.000000000 6.671735000
372780.364113418 0.100008733 19.275985100 2.037406814 0.036786223 80.000000000 5.758966000
372780.564122240 0.200008822 30.933086274 4.094001681 0.045865897 64.000000000 6.715245000
372780.766835597 0.202713357 23.394339941 4.144527141 0.065468313 63.000000000 5.976967000
372780.964224772 0.197389174 21.448215218 4.096906634 0.054726189 52.000000000 7.432739000
372781.164146366 0.199921595 26.478892806 4.083766709 0.006530304 57.000000000 5.832580000
372781.363979171 0.199832805 25.570852548 4.079561549 0.065676072 58.000000000 6.130752000
372781.464164088 0.100184917 15.512676344 2.029586515 0.050536138 71.000000000 6.768595000
372781.563975882 0.099811794 15.584904752 2.015471909 0.036609909 54.000000000 6.626316000
372781.664040799 0.100064917 15.384604746 2.004891782 0.042409765 47.000000000 6.881476000
372781.763944495 0.099903696 18.316620975 2.023798717 0.035438217 47.000000000 9.463874000
372781.863995788 0.100051293 18.767873639 2.031630349 0.025437378 52.000000000 9.205387000
372781.964031953 0.100036165 17.249230190 1.870367555 0.006386722 35.000000000 6.707312000
372782.064315129 0.100283176 16.559749501 2.030951099 0.033307823 38.000000000 11.518057000
372782.164046195 0.099731066 15.946577728 1.981475094 0.014704738 33.000000000 6.296372000
372782.363793054 0.199746860 26.023832562 4.072367115 0.014114350 36.000000000 6.146001000
372782.565896225 0.202103171 22.397989613 4.106280577 0.011115737 35.000000000 6.518776000
372782.763370785 0.197474560 21.574166480 4.059069845 0.020092356 31.000000000 7.505338000
372782.963115965 0.199745180 27.447193491 4.055159308 0.035396038 29.000000000 5.873956000
372783.164651940 0.201535975 26.992951408 4.067916016 0.089176617 38.000000000 6.216593000
372783.263441871 0.098789930 15.333395205 1.990718944 0.035150864 47.000000000 6.370020000
372783.362835445 0.099393574 19.082262222 2.034253004 0.035502388 48.000000000 6.105427000
372783.463055868 0.100220423 16.611035678 1.989157318 0.026731715 46.000000000 8.075703000
372783.662752220 0.199696352 24.331098428 4.010820805 0.000323253 30.000000000 7.959311000
372783.863068394 0.200316174 28.740046203 4.014074076 0.093454081 29.000000000 5.968249000
372784.062348969 0.199280575 26.792202208 3.994352187 0.084791767 34.000000000 5.641067000
372784.262787657 0.200438688 27.935781440 4.184740695 0.061752734 24.000000000 7.191540000
372784.562107664 0.299320007 18.433714541 5.919295679 0.017066467 24.000000000 5.494220000
372784.861973924 0.299866260 20.684795280 6.043101231 0.022403908 23.000000000 5.985896000
372785.062057596 0.200083672 18.846371698 4.257031777 0.021826176 27.000000000 7.902033000
372785.261825457 0.199767861 15.770364009 4.014930947 0.024288087 29.000000000 5.587715000
372785.461871283 0.200045826 23.242839630 4.001013145 0.001471158 33.000000000 9.647392000
372785.661886759 0.200015476 16.197324529 3.971368410 0.004432006 35.000000000 5.638081000
372785.961689874 0.299803115 20.325669544 5.841552980 0.023566753 36.000000000 7.151330000
372786.261580734 0.299890860 19.029772433 5.773328954 0.005355890 42.000000000 5.840550000
372786.461378232 0.199797498 18.134849662 3.876852767 0.000886463 37.000000000 6.550454000
372786.761607231 0.300228999 16.280308564 5.714846622 0.033044172 39.000000000 5.971169000
372787.061441067 0.299833836 20.843993052 5.683315104 0.035504426 39.000000000 9.972332000
372787.361453256 0.300012188 18.728097964 5.663358427 0.085593910 41.000000000 6.200944000
372787.661295477 0.299842221 20.768218339 5.603853442 0.179159523 48.000000000 10.795104000
372787.961539069 0.300243592 21.973975696 5.566293720 0.086231157 45.000000000 5.665610000
372788.161545307 0.200006239 18.084201265 3.854237441 0.125798298 52.000000000 6.387296000
372788.361319751 0.199774444 19.087207328 3.682847814 0.031280596 49.000000000 7.722461000
372788.561820867 0.200501115 19.304225202 3.676646495 0.033217051 54.000000000 10.041777000
372788.761358728 0.199537862 21.726820162 3.641152885 0.060412117 55.000000000 6.766395000
372788.961713888 0.200355160 21.045502869 3.642401015 0.168731823 51.000000000 7.240336000
372789.061448433 0.099734545 15.232962031 1.736958948 0.079822970 67.000000000 8.696735000
372789.261276151 0.199827718 25.434431828 3.638674067 0.140467705 45.000000000 6.218470000
372789.461275667 0.199999516 22.801740071 3.630192707 0.067738584 43.000000000 6.650101000
372789.563253492 0.101977825 19.568079082 1.769211055 0.025769770 49.000000000 10.768967000
372789.661683092 0.098429599 25.866066980 1.712918970 0.008861337 44.000000000 6.490855000
372789.761329042 0.099645950 22.134682117 1.728032614 0.016852526 56.000000000 6.202621000
372789.861379012 0.100049971 22.811887769 1.599062225 0.021431429 60.000000000 14.696620000
372789.961275259 0.099896246 23.035710599 1.885752924 0.007195153 64.000000000 6.190268000
372790.061350793 0.100075534 19.296311983 1.736620072 0.050759227 59.000000000 6.706696000
372790.161205536 0.099854743 18.675897100 1.744992066 0.005831466 56.000000000 6.073292000
372790.261062194 0.099856657 23.824757868 1.736427251 0.009014386 54.000000000 6.467232000
372790.361195147 0.100132953 21.042131269 1.741876318 0.006500419 53.000000000 9.532938000
372790.463441654 0.102246506 19.016459851 1.777373247 0.005854615 47.000000000 8.956351000
372790.661422858 0.197981205 19.689256346 3.592728382 0.020000361 27.000000000 7.145815000
372790.761606822 0.100183964 17.830310019 1.603845744 0.014022710 40.000000000 9.651156000
372790.861535490 0.099928667 21.856958616 1.702215160 0.014997411 40.000000000 8.373639000
372790.961550930 0.100015440 20.240623453 1.713445959 0.020212937 47.000000000 11.106368000
372791.061796286 0.100245357 26.456173686 1.705506301 0.006075228 45.000000000 9.753183000
372791.162262481 0.100466194 21.241019276 1.710636818 0.052020903 34.000000000 7.059226000
372791.262183944 0.099921463 26.560997200 1.696976691 0.118110571 62.000000000 6.332833000
372791.363384772 0.101200828 26.424414490 1.691055304 0.108388061 72.000000000 7.020775000
372791.462455178 0.099070406 25.901682773 1.641823861 0.060157064 71.000000000 6.963519000
372791.562574734 0.100119557 22.682680575 1.449183276 0.041815895 57.000000000 11.737400000
372791.662254037 0.099679303 20.897775088 1.648207399 0.038488883 67.000000000 6.241579000
372791.762188150 0.099934112 18.721723969 1.638790868 0.041414373 73.000000000 6.291407000
372791.862750995 0.100562845 19.608425753 1.819803635 0.043429279 63.000000000 6.391953000
372791.963033653 0.100282658 19.299188380 1.641555848 0.047468610 68.000000000 5.767954000
372792.062712852 0.099679200 19.761562770 1.473709724 0.007947313 71.000000000 11.417768000
372792.163047656 0.100334804 18.852191175 1.659844102 0.014769977 64.000000000 6.624128000
372792.263183726 0.100136070 20.521375277 1.615281062 0.020986390 55.000000000 6.598684000
372792.463008557 0.199824831 31.535829771 3.225742027 0.028740164 53.000000000 9.734774000
372792.562751684 0.099743128 15.299860859 1.594762991 0.012907695 60.000000000 9.872545000
372792.663182531 0.100430847 17.953691003 1.605334489 0.006733705 62.000000000 8.575403000
372792.763241856 0.100059325 16.538455397 1.586410612 0.032797941 62.000000000 9.783874000
372792.862981831 0.099739974 18.201537881 1.583838576 0.000491915 60.000000000 11.649476000
372793.065428915 0.202447084 22.297849592 3.176758979 0.030223264 43.000000000 7.046988000
372793.263058334 0.197629419 19.623549380 3.115369079 0.020059585 45.000000000 10.679100000
372793.463240087 0.200181753 27.002025447 3.097080627 0.018232952 45.000000000 6.791470000
372793.563171565 0.099931479 17.525127188 1.526890166 0.024207481 60.000000000 6.890720000
372793.663517926 0.100346361 20.061035688 1.528325243 0.005661259 72.000000000 9.003849000
372793.763250394 0.099732468 17.600416080 1.521641640 0.030268412 66.000000000 6.257628000
372793.963473394 0.200223000 31.772183241 3.069426897 0.090398566 52.000000000 5.848548000
372794.063930824 0.100457430 17.823290941 1.531996069 0.065501193 65.000000000 6.243111000
372794.163774156 0.099843332 21.797479417 1.412433521 0.093138015 56.000000000 6.740113000
372794.263903097 0.100128941 22.713041113 1.535938877 0.075347816 61.000000000 6.821258000
372794.363748652 0.099845555 26.263409834 1.525435532 0.046306127 71.000000000 6.979927000
372794.463429588 0.099680936 25.359393647 1.531578586 0.066775479 64.000000000 7.480257000
372794.563520812 0.100091224 23.537231197 1.537398204 0.056827586 53.000000000 7.202768000
372794.663798071 0.100277259 19.972696636 1.539451477 0.065808880 52.000000000 9.899184000
372794.763626220 0.099828148 20.458598496 1.542805062 0.057023489 49.000000000 9.213786000
372794.863554475 0.099928255 17.736514868 1.549410194 0.077375683 59.000000000 10.564978000
372794.966194262 0.102639787 18.463521248 1.593434415 0.077137231 60.000000000 8.548213000
372795.064193491 0.097999229 16.955399175 1.532019437 0.027183873 61.000000000 6.080154000
372795.164182963 0.099989472 17.598269625 1.612776683 0.039550208 67.000000000 6.881524000
372795.264195954 0.100012991 18.100207293 1.541545444 0.064256445 63.000000000 7.647498000
372795.364386513 0.100190559 19.359239465 1.576389979 0.042850859 60.000000000 7.271290000
372795.464450108 0.100063595 17.451479310 1.572382989 0.034643538 59.000000000 7.690343000
372795.564379424 0.099929316 21.000577799 1.571438347 0.015333554 54.000000000 6.471256000
372795.664391085 0.100011661 20.033670003 1.568712337 0.016748826 57.000000000 7.316384000
372795.764072913 0.099681828 20.379911841 1.563373250 0.009806399 53.000000000 6.433272000
372795.863804454 0.099731541 19.204188466 1.569160880 0.013138351 52.000000000 6.832934000
372795.963706267 0.099901813 16.892952471 1.571392996 0.016287118 47.000000000 7.591085000
372796.063836839 0.100130572 17.332484156 1.583634805 0.014135956 35.000000000 8.733549000
372796.163823028 0.099986188 19.766299516 1.585679248 0.012422387 40.000000000 11.962069000
372796.363502594 0.199679566 21.198837524 3.169905499 0.014782264 29.000000000 5.757528000
372796.564995809 0.201493215 22.544451582 3.164763188 0.074642034 38.000000000 6.206541000
372796.763495972 0.198500163 26.812956065 3.130664206 0.083128243 44.000000000 5.857733000
372796.963731713 0.200235741 27.526805258 3.109827132 0.071715216 47.000000000 7.120511000
372797.163554464 0.199822751 25.988782275 3.072733295 0.064227677 50.000000000 6.474526000
372797.363533558 0.199979094 24.511357550 3.045348850 0.039103064 36.000000000 6.161512000
372797.563507917 0.199974359 23.108726730 3.010437425 0.065663828 48.000000000 6.398558000
372797.763554428 0.200046511 22.987280265 2.991903817 0.086388271 40.000000000 12.517578000
372797.963702574 0.200148145 27.416721532 2.985434269 0.078354668 48.000000000 5.891504000
372798.063611164 0.099908590 16.852172491 1.472981430 0.034614657 62.000000000 6.247727000
372798.165355967 0.101744803 20.138237374 1.530418351 0.065131937 54.000000000 6.537440000
372798.264361760 0.099005793 17.912931897 1.454382225 0.014253862 49.000000000 8.341714000
372798.466078749 0.201716989 26.466653536 2.989927291 0.022560756 33.000000000 8.350851000
372798.663647593 0.197568844 18.416737659 2.945255461 0.007435513 39.000000000 5.733744000
372798.863658562 0.200010969 22.964049681 2.954188421 0.013575711 38.000000000 7.758732000
372799.063289672 0.199631109 21.599956108 2.965738693 0.008596675 45.000000000 8.758304000
372799.263568776 0.200279105 24.273131937 2.971848555 0.002762600 49.000000000 6.822754000
372799.463363471 0.199794694 24.040200290 2.956932736 0.011363567 51.000000000 5.560933000
372799.563367667 0.100004196 15.548196177 1.463612066 0.013252600 58.000000000 6.315085000
372799.663268400 0.099900733 16.709377271 1.464367683 0.029398652 53.000000000 6.199346000
372799.763482302 0.100213902 18.819917173 1.464441412 0.012950830 64.000000000 7.020218000
372799.863673643 0.100191341 17.282012587 1.457640629 0.014235777 63.000000000 6.090060000
372800.063344773 0.199671130 30.549045924 2.913008287 0.029298980 49.000000000 6.221495000
372800.163226422 0.099881649 17.566780183 1.438620360 0.015865274 60.000000000 10.717225000
372800.265628420 0.102401998 17.216403366 1.474282814 0.031520668 53.000000000 6.030162000
372800.363275991 0.097647571 20.365521054 1.401215367 0.004256972 54.000000000 13.692956000
372800.463188963 0.099912973 18.995103488 1.467608898 0.024217980 54.000000000 7.149121000
372800.562981527 0.099792564 19.819403386 1.388657390 0.022469919 53.000000000 6.964723000
372800.663165696 0.100184169 16.605755341 1.417837130 0.020686790 49.000000000 7.147234000
372800.763096195 0.099930499 15.995498649 1.407028810 0.015136896 49.000000000 7.691438000
372800.863043572 0.099947377 16.381085576 1.407128084 0.007365898 47.000000000 10.214512000
372801.063923936 0.200880364 29.370983920 2.820095021 0.009632935 29.000000000 10.054381000
372801.164363008 0.100439072 17.396414402 1.394708039 0.011258399 44.000000000 8.119956000
372801.263801733 0.099438726 19.973768428 1.395216912 0.003638998 38.000000000 6.790531000
372801.364020692 0.100218959 16.664876550 1.391726391 0.002746723 48.000000000 7.944590000
372801.463912175 0.099891482 17.814082889 1.369785483 0.000704070 45.000000000 6.661196000
372801.564165089 0.100252914 20.060026976 1.380740191 0.012745418 41.000000000 7.106129000
372801.664448531 0.100283442 15.624920142 1.376575961 0.011385237 41.000000000 5.823275000
372801.764254227 0.099805696 20.882849137 1.377741666 0.028492182 42.000000000 7.898473000
372801.864353696 0.100099469 17.942797190 1.381831378 0.014202800 36.000000000 6.439357000
372801.964085038 0.099731342 15.218177237 1.371678591 0.020283029 34.000000000 8.933398000
372802.064316553 0.100231515 16.708957127 1.384090207 0.010972850 35.000000000 8.241176000
372802.164353883 0.100037330 29.244642293 1.376605604 0.006118483 46.000000000 6.713513000
372802.264459285 0.100105402 21.981357855 1.388919894 0.004239541 50.000000000 7.903855000
372802.364202202 0.099742917 21.791475053 1.386309043 0.003378643 43.000000000 6.134689000
372802.464163900 0.099961698 17.744593763 1.394410984 0.020086019 48.000000000 6.782783000
372802.564036168 0.099872268 15.090596182 1.392804319 0.018179889 46.000000000 7.810515000
372802.763781645 0.199745476 29.223373795 2.828344450 0.026249155 43.000000000 7.046305000
372802.963473064 0.199691419 23.977008557 2.850899522 0.061981816 48.000000000 8.174460000
372803.163403566 0.199930502 23.747315750 2.883103723 0.100891611 37.000000000 8.822363000
372803.363166828 0.199763262 19.563482355 3.130688332 0.040842710 25.000000000 7.541452000
372803.663062275 0.299895447 17.016699090 4.431721702 0.025432939 19.000000000 5.633473000
372803.865038923 0.201976648 24.415075968 2.998324320 0.015392803 28.000000000 6.044627000
372804.063388251 0.198349328 29.283159827 2.975703211 0.013218299 27.000000000 5.961210000
372804.263216743 0.199828492 26.190708888 2.975959527 0.019258751 31.000000000 6.191023000
372804.463042696 0.199825953 24.486387225 2.976033937 0.009918638 34.000000000 6.551944000
372804.663050273 0.200007576 21.879205091 2.983942676 0.100541947 35.000000000 6.640439000
372804.763039925 0.099989653 15.279581452 1.493209727 0.083866806 47.000000000 6.673706000
372804.862958260 0.099918334 15.037202331 1.512952748 0.075685887 47.000000000 6.456908000
372805.062971549 0.200013290 23.205467081 3.059687403 0.118981730 30.000000000 8.778652000
372805.263343856 0.200372307 24.959435995 3.107926156 0.016840361 32.000000000 7.497608000
372805.363100097 0.099756241 15.127184273 1.550304329 0.002683153 44.000000000 5.891793000
372805.462895035 0.099794938 16.901112367 1.566838120 0.007976798 37.000000000 6.509555000
372805.563824881 0.100929846 15.140353296 1.572115415 0.026511328 35.000000000 29.791071000
372805.763217913 0.199393033 28.051648606 3.132333364 0.026353218 28.000000000 8.232941000
372805.963040652 0.199822739 21.177870991 3.123087779 0.047649052 34.000000000 5.657818000
372806.163008551 0.199967899 29.765887324 3.124478877 0.023241926 39.000000000 7.538706000
372806.363067760 0.200059209 26.824809618 3.123228968 0.042950891 34.000000000 5.725770000
372806.462908401 0.099840641 15.133901040 1.552674062 0.036980968 59.000000000 6.073013000
372806.662696037 0.199787636 33.845428953 3.151181248 0.077353708 29.000000000 8.688247000
372806.762889776 0.100193739 15.931575394 1.582690165 0.022927233 39.000000000 13.925182000
372806.862846608 0.099956832 15.975838317 1.586422387 0.027166403 43.000000000 7.235391000
372806.962782549 0.099935941 17.647998302 1.591520703 0.034854107 46.000000000 7.139742000
372807.063038573 0.100256024 19.249810887 1.590660348 0.017087339 52.000000000 5.853723000
372807.162917144 0.099878570 19.267006969 1.582719839 0.030452967 51.000000000 5.998403000
372807.262782293 0.099865149 21.534067883 1.587625439 0.027975746 53.000000000 14.993142000
372807.362785646 0.100003353 18.766167106 1.584367576 0.017586209 37.000000000 6.703802000
372807.462969323 0.100183677 17.593632434 1.623898153 0.061015680 30.000000000 5.533927000
372807.562927662 0.099958339 16.845140074 1.586281690 0.025782471 33.000000000 5.820746000
372807.662989451 0.100061789 22.798458463 1.588522941 0.031631007 34.000000000 6.023045000
372807.763062944 0.100073493 16.909941769 1.590598622 0.010596664 42.000000000 6.020023000
372807.863028383 0.099965439 16.156884739 1.599395215 0.002680119 49.000000000 6.551334000
372807.962948834 0.099920451 15.125295821 1.612169941 0.021951561 47.000000000 6.283370000
372808.062842060 0.099893226 15.760200587 1.616945022 0.016097349 44.000000000 10.919550000
372808.162797993 0.099955933 15.632284099 1.623066678 0.017945448 53.000000000 6.173379000
372808.262825475 0.100027482 16.272910650 1.627445053 0.009922678 50.000000000 7.440325000
372808.362736577 0.099911102 18.168271161 1.632058324 0.004686779 55.000000000 11.342464000
372808.462772548 0.100035971 16.649385510 1.637494181 0.002252512 48.000000000 9.762824000
372808.562758166 0.099985618 18.316542554 1.669684167 0.020798067 38.000000000 9.911819000
372808.662805859 0.100047693 19.772922280 1.636647135 0.004227840 55.000000000 9.764760000
372808.762927237 0.100121379 17.312136158 1.633708745 0.006737729 54.000000000 7.283339000
372808.862880828 0.099953591 18.709070262 1.632993290 0.004678200 52.000000000 6.864136000
372808.962756033 0.099875205 16.470804282 1.632921648 0.000055158 54.000000000 6.270953000
372809.064502172 0.101746138 17.653444179 1.661106795 0.013436499 54.000000000 5.960093000
372809.163231223 0.098729051 18.924368090 1.610537895 0.006458253 55.000000000 6.166752000
372809.263084718 0.099853495 19.826502171 1.660004155 0.002996723 48.000000000 6.535312000
372809.362817867 0.099733150 20.638634564 1.609049078 0.011692202 50.000000000 6.899463000
372809.462869854 0.100051987 18.369291491 1.631471368 0.023866843 56.000000000 6.107239000
372809.562978639 0.100108785 17.592617981 1.630397730 0.057240592 53.000000000 6.561660000
372809.663009871 0.100031232 15.051100806 1.633262127 0.053112503 49.000000000 5.791813000
372809.762892123 0.099882252 19.572168640 1.633417624 0.055279011 60.000000000 6.046204000
372809.862863509 0.099971385 16.007651821 1.632855204 0.052646156 50.000000000 6.681244000
372809.962928485 0.100064976 17.042251250 1.631317777 0.053135535 57.000000000 6.155877000
372810.163008888 0.200080403 23.736389334 3.282270623 0.125421499 43.000000000 8.684613000
372810.362953669 0.199944781 25.250550764 3.281387267 0.099246348 47.000000000 6.239675000
372810.462929255 0.099975586 15.057962535 1.628042085 0.003522492 54.000000000 5.808951000
372810.563030705 0.100101450 15.535654958 1.634735788 0.022671045 60.000000000 6.565776000
372810.762671939 0.199641234 26.366865976 3.268696909 0.055552130 37.000000000 6.248335000
372810.962711478 0.200039539 22.783294932 3.257864931 0.077145967 39.000000000 6.132939000
372811.062728549 0.100017071 15.490056959 1.614456884 0.059868519 52.000000000 6.343472000
372811.162819372 0.100090824 22.477748076 1.621752323 0.051843142 47.000000000 7.557617000
372811.262563658 0.099744286 23.066825372 1.618354177 0.042092411 55.000000000 9.750348000
372811.362768222 0.100204564 19.781078168 1.633521814 0.048250574 53.000000000 8.014277000
372811.462838142 0.100069920 18.988858957 1.629849384 0.048069229 50.000000000 6.914982000
372811.562481890 0.099643747 19.898656420 1.625503008 0.043873206 51.000000000 6.580556000
372811.662550946 0.100069056 16.065955848 1.622332392 0.036123251 50.000000000 7.590994000
372811.762660170 0.100109224 15.702610870 1.610139818 0.000442848 50.000000000 8.780067000
372811.862824842 0.100164672 16.921341769 1.615096451 0.003394133 52.000000000 10.119301000
372811.962743304 0.099918462 17.615505294 1.610422916 0.000160013 50.000000000 11.136230000
372812.062830076 0.100086772 18.811845982 1.614210967 0.020373444 53.000000000 8.311340000
372812.162840205 0.100010129 18.221757689 1.606837513 0.013388122 51.000000000 6.622719000
372812.262682249 0.099842045 17.064663859 1.604963811 0.012024758 44.000000000 18.000181000
372812.362562278 0.099880028 17.047027467 1.604946780 0.019603835 49.000000000 6.054371000
372812.462581472 0.100019195 17.656172286 1.607236648 0.011424121 43.000000000 6.496932000
372812.562754684 0.100173212 17.576223494 1.615635302 0.011786371 41.000000000 6.017538000
372812.662883715 0.100129031 19.020047432 1.626556601 0.012677949 40.000000000 6.115787000
372812.762779757 0.099896042 19.331814555 1.628389811 0.003861850 45.000000000 6.615341000
372812.862722768 0.099943011 17.311315258 1.632625221 0.013629559 45.000000000 6.270839000
372812.962813012 0.100090244 18.690712085 1.698544576 0.024721215 36.000000000 6.763695000
372813.062762759 0.099949747 20.095284265 1.638694777 0.001980793 44.000000000 8.810583000
372813.162594088 0.099831329 17.637716368 1.642946723 0.023453366 48.000000000 5.944002000
372813.262583681 0.099989592 17.477825788 1.641366987 0.065126661 46.000000000 6.044847000
372813.362350912 0.099767231 16.376697712 1.632843486 0.055800292 51.000000000 6.706409000
372813.462395410 0.100044498 18.675250536 1.638516415 0.057637568 59.000000000 6.742395000
372813.562493813 0.100098403 16.273793645 1.639515275 0.047925960 49.000000000 9.762758000
372813.662613945 0.100120132 19.327851013 1.653353739 0.056677394 45.000000000 15.757524000
372813.762966939 0.100352994 17.043208090 1.666028648 0.032257795 53.000000000 10.431661000
372813.862715370 0.099748431 17.573730818 1.665160155 0.018532655 40.000000000 10.525345000
372813.962431760 0.099716390 16.610244486 1.676301525 0.001396383 42.000000000 7.221815000
372814.062462000 0.100030240 19.470456622 1.684454379 0.012785072 49.000000000 6.368334000
372814.162590831 0.100128832 21.320804038 1.697046901 0.005164888 46.000000000 6.050654000
372814.262409471 0.099818639 19.921088146 1.706278843 0.025729609 44.000000000 6.493589000
372814.362369617 0.099960146 20.600648230 1.722304838 0.008528289 56.000000000 5.667350000
372814.462759904 0.100390287 19.173251870 1.737214256 0.021590779 41.000000000 5.751318000
372814.562479831 0.099719926 18.543830436 1.740242471 0.009926913 44.000000000 6.361964000
372814.662764041 0.100284210 17.768959052 1.767151622 0.005023190 50.000000000 6.725046000
372814.762877531 0.100113490 16.419800408 1.759095201 0.019353005 45.000000000 6.318483000
372814.862831520 0.099953989 20.214048946 1.770925406 0.002862649 48.000000000 6.360996000
372814.962766194 0.099934673 17.444817851 1.770274457 0.016168408 46.000000000 6.340565000
372815.062753853 0.099987659 18.032336714 1.768086101 0.015278896 42.000000000 6.207290000
372815.162984927 0.100231074 20.789789177 1.772269642 0.000682525 42.000000000 6.603925000
372815.262844426 0.099859499 19.664364164 1.765778699 0.014709494 39.000000000 7.711889000
372815.362805062 0.099960637 20.620959755 1.773829194 0.014857994 39.000000000 7.008822000
372815.462867735 0.100062672 18.264035512 1.768104952 0.022530040 40.000000000 12.648472000
372815.562735102 0.099867367 17.910111434 1.766577859 0.030264534 52.000000000 10.621263000
372815.662860362 0.100125260 15.675366428 1.830057370 0.007159268 36.000000000 9.310155000
372815.862688398 0.199828036 20.814443250 3.541438889 0.041372411 28.000000000 5.751068000
372815.962641573 0.099953175 16.214754297 1.755967944 0.026477329 30.000000000 6.323217000
372816.062912053 0.100270480 18.401138195 1.764222005 0.050291837 33.000000000 6.202161000
372816.163182273 0.100270220 17.373215882 1.765795456 0.028437705 34.000000000 6.767406000
372816.362806914 0.199624641 19.507340766 3.560428052 0.017321080 26.000000000 5.952584000
372816.462771294 0.099964380 15.066105840 1.771866247 0.027149630 38.000000000 7.569877000
372816.562683567 0.099912273 15.312554052 1.850139220 0.014969204 31.000000000 5.898194000
372816.662749024 0.100065457 18.199373058 1.777053633 0.002580402 51.000000000 6.404669000
372816.862493744 0.199744720 21.481067948 3.566434384 0.050010347 34.000000000 6.026748000
372817.062661126 0.200167382 20.927652999 3.568380579 0.046151827 29.000000000 6.943116000
372817.262394119 0.199732993 26.726897489 3.567972581 0.023882778 32.000000000 9.424045000
372817.462466387 0.200072268 19.655357001 3.574268350 0.027553977 32.000000000 6.133734000
372817.662439705 0.199973319 22.934391114 3.553420788 0.021409167 36.000000000 6.045479000
372817.762338044 0.099898338 15.493436452 1.758909926 0.013169755 51.000000000 6.599542000
372817.862315484 0.099977440 18.130469639 1.764180165 0.008409042 51.000000000 6.635856000
372818.064418050 0.202102566 27.757014735 3.568113710 0.008464569 35.000000000 5.731922000
372818.162301274 0.097883224 15.266842006 1.717948267 0.026177254 54.000000000 6.493827000
372818.262068921 0.099767647 15.662165122 1.792334239 0.000607558 48.000000000 6.112356000
372818.362140211 0.100071290 16.500304062 1.714914103 0.036845719 48.000000000 6.473080000
372818.562069425 0.199929214 29.258117275 3.489521082 0.062459038 41.000000000 7.347090000
372818.761859327 0.199789902 29.166744148 3.472318364 0.062096486 31.000000000 6.084009000
372818.961999918 0.200140590 20.842635597 3.460267263 0.039333634 41.000000000 8.846748000
372819.162195590 0.200195673 25.310832258 3.438444366 0.011659201 40.000000000 7.059828000
372819.362379688 0.200184097 27.695125494 3.419183401 0.065032724 40.000000000 15.935456000
372819.561981688 0.199602000 22.232982771 3.403858410 0.003372336 43.000000000 6.134639000
372819.762143639 0.200161951 21.325363065 3.391282061 0.007695487 39.000000000 5.802912000
372819.864516285 0.102372646 16.167241832 1.719990933 0.019224856 48.000000000 6.244912000
372819.962017019 0.097500734 15.951911956 1.643426836 0.021825603 51.000000000 5.867469000
372820.162016710 0.199999691 24.364048891 3.356557492 0.027530563 42.000000000 24.517377000
372820.362034965 0.200018256 21.246286097 3.346587400 0.015974929 41.000000000 7.403410000
372820.561927723 0.199892758 24.629897043 3.337659112 0.027129044 37.000000000 8.809042000
372820.762354039 0.200426315 22.320592133 3.329844132 0.008764017 35.000000000 8.875891000
372820.962057966 0.199703928 21.347023261 3.317972282 0.010951970 39.000000000 7.167864000
372821.162280191 0.200222225 25.238469908 3.313494494 0.013363461 35.000000000 7.338827000
372821.362159805 0.199879613 21.852556973 3.320392270 0.014582174 38.000000000 6.060720000
372821.562140220 0.199980415 21.922595189 3.328159112 0.007841460 37.000000000 5.353175000
372821.762542981 0.200402761 29.137665258 3.349807144 0.020635051 43.000000000 5.775968000
372821.862327116 0.099784136 17.650199065 1.665441624 0.012247993 51.000000000 5.820883000
372821.962178360 0.099851243 18.748169174 1.684810730 0.014732956 45.000000000 5.983005000
372822.062298442 0.100120082 17.199220822 1.674178824 0.009788449 54.000000000 6.190908000
372822.162426731 0.100128289 18.528422193 1.678614770 0.035930642 53.000000000 5.636689000
372822.262124640 0.099697909 17.382768363 1.675539837 0.033179464 50.000000000 8.364393000
372822.462091223 0.199966583 28.877713720 3.381529905 0.058717681 38.000000000 9.539505000
372822.562138573 0.100047350 15.385900184 1.693198104 0.031033912 48.000000000 18.662367000
372822.762698548 0.200559975 30.121723391 3.405549785 0.060776363 39.000000000 6.594782000
372822.962431440 0.199732892 20.813300003 3.393815921 0.027206427 33.000000000 5.648547000
372823.162334037 0.199902598 22.281638445 3.396356721 0.024572792 30.000000000 6.875646000
372823.364196726 0.201862688 25.272369856 3.435415206 0.002941915 37.000000000 6.045139000
372823.562521750 0.198325025 26.680843932 3.421119861 0.008135934 40.000000000 6.062527000
372823.762548018 0.200026268 32.513215865 3.440643609 0.039544458 40.000000000 6.004857000
372823.962622965 0.200074947 28.959417348 3.457335952 0.083160499 38.000000000 6.818469000
372824.162486277 0.199863312 26.781612602 3.454933408 0.060594323 30.000000000 9.133164000
372824.362460155 0.199973878 30.464325968 3.458689416 0.018412451 31.000000000 9.390992000
372824.462366838 0.099906683 16.395283503 1.717679067 0.006047215 36.000000000 11.908780000
372824.662552651 0.200185813 26.448339544 3.468223362 0.014970262 38.000000000 6.145905000
372824.864081322 0.201528671 30.450313044 3.484415535 0.007773748 41.000000000 6.142684000
372825.062423959 0.198342637 20.043085746 3.446890199 0.011202894 43.000000000 17.178020000
372825.262369009 0.199945050 24.220423509 3.447199776 0.005960524 38.000000000 5.986352000
372825.362299057 0.099930048 17.918186881 1.713994692 0.004571843 58.000000000 5.960736000
372825.462365900 0.100066843 23.944935070 1.730739146 0.002646154 55.000000000 6.231949000
372825.562342409 0.099976509 25.400273188 1.723137457 0.006399513 67.000000000 6.538371000
372825.664029883 0.101687473 18.550377615 1.754119004 0.011681285 58.000000000 14.925836000
372825.862372420 0.198342537 30.423359357 3.457353567 0.003361972 42.000000000 8.784354000
372825.962500117 0.100127697 16.934558779 1.716266839 0.000255553 57.000000000 9.687378000
372826.062402731 0.099902614 16.382833569 1.739987963 0.043838586 42.000000000 6.000814000
372826.262669084 0.200266353 22.471591354 3.460130110 0.034152528 37.000000000 5.738662000
372826.462400068 0.199730984 20.486735093 3.454539466 0.058802706 40.000000000 6.600949000
372826.562379230 0.099979162 15.144072258 1.712205674 0.021440499 47.000000000 6.356203000
372826.662673125 0.100293894 16.012782958 1.721129578 0.012138873 48.000000000 6.589414000
372826.862693989 0.200020864 29.101574245 3.454929731 0.031240481 44.000000000 5.816684000
372827.065079649 0.202385660 22.199501780 3.485570343 0.020075478 37.000000000 6.267825000
372827.262551108 0.197471459 22.027132656 3.441955639 0.019678536 38.000000000 6.758725000
372827.462768243 0.200217135 31.784598240 3.443691498 0.000589622 44.000000000 7.287015000
372827.662770561 0.200002318 31.257960609 3.452181111 0.008846092 34.000000000 9.231011000
372827.762629560 0.099858999 16.350837527 1.712726162 0.009005610 56.000000000 10.977029000
372827.862463822 0.099834262 15.375276588 1.728136990 0.006099196 49.000000000 13.496012000
372828.062526558 0.200062736 33.642034382 3.479739893 0.005332224 29.000000000 6.465051000
372828.162749146 0.100222588 17.728752317 1.735789794 0.007201088 41.000000000 7.570148000
372828.262532227 0.099783081 21.418546319 1.867375390 0.004848718 31.000000000 6.222912000
372828.362621317 0.100089091 16.673202470 1.752391406 0.005356349 30.000000000 8.074881000
372828.562592999 0.199971682 22.702354649 3.511057538 0.001695694 29.000000000 6.000649000
372828.764114080 0.201521082 27.574468387 3.520209247 0.000389259 35.000000000 6.104838000
372828.962686853 0.198572772 25.553385724 3.489897065 0.017972368 32.000000000 7.058657000
372829.162703934 0.200017082 28.798405477 3.488434180 0.021273594 36.000000000 7.200722000
372829.262731734 0.100027800 15.416491165 1.728222863 0.000610221 47.000000000 8.989261000
372829.362820298 0.100088565 16.799584665 1.736243586 0.006631744 42.000000000 12.253265000
372829.462891226 0.100070928 16.613029229 1.731037321 0.009620137 43.000000000 6.875789000
372829.662894747 0.200003521 28.694670464 3.484475142 0.015332489 34.000000000 7.149646000
372829.763047240 0.100152493 15.045391942 1.725866054 0.016887998 36.000000000 6.266910000
372829.862884108 0.099836869 16.472529204 1.727811231 0.002716564 37.000000000 14.661338000
372829.962667568 0.099783460 18.846771443 1.731603664 0.014562249 41.000000000 7.969054000
372830.062617165 0.099949597 18.500569692 1.733664520 0.006413259 40.000000000 8.512084000
372830.162819143 0.100201978 16.082269783 1.741246913 0.005421661 34.000000000 6.729709000
372830.363911738 0.201092595 35.808242559 3.534884160 0.004767033 27.000000000 5.780313000
372830.562637714 0.198725976 27.568611784 3.494202912 0.026480172 35.000000000 7.639119000
372830.663973240 0.101335526 15.845795617 1.751309329 0.006680383 53.000000000 6.865889000
372830.862805411 0.198832171 34.905360839 3.493904213 0.009173992 38.000000000 8.262745000
372831.062730981 0.199925570 28.494388465 3.486719204 0.011797060 37.000000000 9.794859000
372831.163137627 0.100406647 16.804593119 1.731957027 0.020276299 47.000000000 11.742479000
372831.262923113 0.099785485 24.061038595 1.725777885 0.013663322 50.000000000 8.434923000
372831.362696321 0.099773208 26.640771348 1.736139722 0.014565801 59.000000000 7.970038000
372831.462568937 0.099872616 27.337053748 1.724740761 0.005299673 48.000000000 5.842074000
372831.562643571 0.100074634 24.427377895 1.735605983 0.005280057 50.000000000 6.642278000
372831.662785071 0.100141499 23.617861209 1.887660866 0.007521753 45.000000000 5.438724000
372831.762911152 0.100126081 20.965962884 1.753072354 0.000150923 52.000000000 7.325278000
372831.862613314 0.099702162 20.183799694 1.754261527 0.028052873 47.000000000 6.201161000
372831.962661363 0.100048049 17.683425340 1.764235392 0.069663116 50.000000000 6.406023000
372832.062453642 0.099792279 15.045326367 1.747332723 0.082299830 48.000000000 6.238449000
372832.162562704 0.100109062 15.868058424 1.759289895 0.074804128 57.000000000 7.948198000
372832.262739816 0.100177112 17.404413360 1.756360563 0.081824846 55.000000000 6.778624000
372832.463426940 0.200687124 25.752021299 3.567744764 0.211819000 34.000000000 5.940379000
372832.662997494 0.199570554 24.741148152 3.591419112 0.204452344 39.000000000 5.930662000
372832.862951368 0.199953874 29.485905096 3.616884465 0.071161382 32.000000000 6.160356000
372833.062789376 0.199838008 21.235158315 3.638952167 0.038814939 39.000000000 9.594916000
372833.262996049 0.200206673 25.496789597 3.649664684 0.049948852 38.000000000 13.341412000
372833.463115448 0.200119399 24.557026499 3.651083972 0.130162800 41.000000000 9.762295000
372833.662850251 0.199734803 18.792507517 3.659902716 0.125873398 41.000000000 6.014154000
372833.863259262 0.200409011 17.993013522 3.677718246 0.115226879 36.000000000 8.982933000
372834.063050383 0.199791121 21.149942670 3.678860576 0.112894143 48.000000000 5.753134000
372834.264954809 0.201904427 20.725748917 3.725918719 0.079601280 43.000000000 8.748224000
372834.463093560 0.198138751 21.348954495 3.704045480 0.096549551 43.000000000 6.629881000
372834.663139664 0.200046104 23.265870654 3.711840303 0.082241412 47.000000000 6.865452000
372834.863561627 0.200421963 22.534091065 3.731417022 0.067952630 49.000000000 9.504044000
372835.063331779 0.199770152 20.943308778 3.735928338 0.074307551 50.000000000 7.007212000
372835.263329029 0.199997250 15.975089367 3.747095294 0.095884859 45.000000000 5.896243000
372835.463209877 0.199880849 16.039875787 3.758531560 0.083027376 49.000000000 6.389468000
372835.663609168 0.200399290 18.120182166 3.786850748 0.066983613 46.000000000 8.177473000
372835.863095283 0.199486115 18.233013778 3.782285811 0.050792186 38.000000000 5.757012000
372836.163453436 0.300358154 20.086913426 5.671584967 0.036929098 36.000000000 6.899588000
372836.663214967 0.499761531 14.125182091 9.459990492 0.022572394 16.000000000 8.842110000
372836.763195798 0.099980831 17.839125955 11.345560689 0.051205086 24.000000000 9.494349000
372837.263255955 0.500060157 19.628288135 9.567649588 0.031292892 22.000000000 5.961299000
372837.463380208 0.200124253 15.502292875 3.858506097 0.012802169 34.000000000 5.896969000
372837.663126790 0.199746582 16.118293848 3.854966139 0.029935528 32.000000000 6.346836000
372837.865828407 0.202701617 16.772606067 3.912863053 0.061157062 25.000000000 5.373969000
372838.063235346 0.197406939 19.271314548 3.872515860 0.018694543 25.000000000 13.082817000
372838.263247987 0.200012642 17.470957266 3.881985641 0.017807694 25.000000000 5.833963000
372838.463079285 0.199831298 22.839591050 3.884474941 0.000399157 26.000000000 8.168693000
372838.763051898 0.299972613 20.594758715 5.799362761 0.003558246 36.000000000 9.137722000
372839.063030665 0.299978767 17.719063890 5.784074389 0.063367190 22.000000000 6.169020000
372839.462683661 0.399652996 16.990098385 7.644639449 0.079095756 33.000000000 5.897652000
372839.662983826 0.200300166 16.953486853 3.834662838 0.028175022 45.000000000 5.802675000
372839.862851065 0.199867238 18.262412276 3.815645982 0.030469522 38.000000000 6.465075000
372840.162959880 0.300108815 17.659071057 5.674667932 0.059253169 28.000000000 5.956068000
372840.362765375 0.199805496 19.847771345 3.784089677 0.020623268 30.000000000 7.915829000
372840.762758216 0.399992841 15.278780285 7.480343547 0.039566929 20.000000000 5.621030000
372841.162356630 0.399598414 18.156893103 7.478082404 0.044827090 19.000000000 5.910027000
372841.562549219 0.400192588 19.200763056 7.486996427 0.113154808 29.000000000 8.229860000
372841.862035079 0.299485860 19.162193526 5.623923177 0.083325342 32.000000000 13.723492000
372842.162147908 0.300112829 20.219077558 5.657368958 0.034591394 32.000000000 9.026445000
372842.362014884 0.199866976 19.943121425 3.774561170 0.049339097 32.000000000 6.732258000
372842.562497220 0.200482336 20.826784859 3.787780809 0.009418334 37.000000000 6.494041000
372842.762122794 0.199625574 20.281820161 3.787254167 0.072524735 39.000000000 10.192956000
372842.963389644 0.201266850 19.944168865 3.826581338 0.038194877 29.000000000 8.533117000
372843.063364038 0.099974394 17.324527697 1.888120124 0.016857746 41.000000000 6.773006000
372843.162022363 0.098658326 18.091534525 1.902029025 0.012886535 38.000000000 6.684790000
372843.362203960 0.200181597 15.388471378 3.811934931 0.043589394 31.000000000 6.029771000
372843.563666583 0.201462624 18.355057613 3.833277570 0.036058971 33.000000000 6.358657000
372843.761874050 0.198207467 15.213740521 3.809895686 0.012199060 28.000000000 9.667031000
372843.962043684 0.200169633 15.976908056 3.838950001 0.008470136 32.000000000 8.219218000
372844.162123309 0.200079626 23.891931057 3.867069507 0.018359239 41.000000000 7.198464000
372844.461826989 0.299703680 18.324968666 5.830918798 0.045006218 38.000000000 7.040927000
372844.761896854 0.300069865 23.792813924 5.923547299 0.026244235 33.000000000 6.103077000
372844.962396970 0.200500116 16.446464573 4.022678621 0.042368844 42.000000000 6.233300000
372845.062059036 0.099662066 18.199697464 1.995152801 0.008805955 44.000000000 9.211795000
372845.162029164 0.099970128 19.352716094 2.024290685 0.014034967 46.000000000 6.126530000
372845.262363716 0.100334552 19.439487509 2.012377741 0.003393557 54.000000000 9.102205000
372845.362802374 0.100438658 19.017922444 2.023001975 0.016934174 61.000000000 11.606815000
372845.462223262 0.099420889 15.765890039 2.011319516 0.007015244 54.000000000 10.834161000
372845.562210151 0.099986889 16.409698516 2.022166398 0.003181005 60.000000000 14.488846000
372845.662465090 0.100254940 15.135818995 2.008301440 0.007019723 61.000000000 12.378433000
372845.862576362 0.200111272 24.792505229 4.070804594 0.017532435 47.000000000 6.803419000
372845.962601062 0.100024700 15.764063183 2.012991709 0.003378000 54.000000000 7.013586000
372846.062679292 0.100078230 19.186919465 2.022513907 0.004057494 60.000000000 6.714011000
372846.162580873 0.099901580 18.618444261 2.013826555 0.005640607 55.000000000 6.851932000
372846.262320293 0.099739420 16.252218768 2.010664310 0.002760749 52.000000000 5.947471000
372846.362511669 0.100191376 22.072678738 2.017974716 0.011847431 58.000000000 8.533627000
372846.462782217 0.100270548 20.677768986 2.098892294 0.012065284 46.000000000 6.141162000
372846.562544447 0.099762230 23.758846244 2.017163004 0.021166768 58.000000000 6.442749000
372846.663981978 0.101437531 25.829422047 2.053378550 0.006585626 68.000000000 6.085744000
372846.762899099 0.098917121 20.867531971 1.990107444 0.001915079 55.000000000 6.297636000
372846.862817419 0.099918319 19.520043580 2.044903303 0.030838696 62.000000000 6.125835000
372846.962358408 0.099540989 16.569614531 1.987711854 0.030533454 68.000000000 7.542046000
372847.064172264 0.101813856 16.043638351 2.054556141 0.036821877 64.000000000 9.761331000
372847.162746121 0.098573857 16.061282146 1.983869697 0.034162472 68.000000000 9.431142000
372847.362158058 0.199411937 27.886785081 4.074154612 0.062908540 58.000000000 5.782546000
372847.562517156 0.200359098 25.728060032 4.090240179 0.043465492 58.000000000 8.801048000
372847.662114133 0.099596977 15.211090799 2.021318964 0.016511092 63.000000000 7.121529000
372847.862498518 0.200384386 24.557804777 4.120295181 0.003395669 56.000000000 7.339187000
372848.062034073 0.199535554 23.779681659 4.105094919 0.016034102 52.000000000 6.294995000
372848.262451256 0.200417183 16.762291335 4.105322406 0.035638501 36.000000000 7.588239000
372848.464176774 0.201725518 21.570093113 4.142153894 0.001014470 54.000000000 6.020388000
372848.662343052 0.198166278 25.270553503 4.107185106 0.017696618 62.000000000 10.612718000
372848.862212730 0.199869678 27.748172019 4.109974085 0.005025995 53.000000000 8.736701000
372848.963735652 0.101522923 16.292111259 2.062552554 0.002130796 64.000000000 6.670151000
372849.063933677 0.100198025 19.606495895 2.037320646 0.008416521 58.000000000 6.463704000
372849.162208988 0.098275310 16.080556614 2.022516408 0.001913752 61.000000000 6.191707000
372849.262113254 0.099904267 19.430854904 2.024858960 0.009735208 57.000000000 6.566428000
372849.362313590 0.100200335 15.863650635 1.989123198 0.004680065 46.000000000 6.480165000
372849.462616244 0.100302654 15.482660432 2.019134513 0.019346328 53.000000000 7.179172000
372849.562235447 0.099619203 17.793332458 2.011387696 0.003604536 57.000000000 6.337993000
372849.762498081 0.200262634 32.115791417 4.082529738 0.004422243 53.000000000 5.956559000
372849.862633646 0.100135565 15.791477275 2.024722653 0.005391448 69.000000000 6.636443000
372849.962639064 0.100005418 19.552295388 2.035443748 0.006472240 75.000000000 6.388228000
372850.062547214 0.099908150 19.683552126 2.848411755 0.069340981 60.000000000 15.259452000
372850.162434224 0.099887010 19.387149111 2.018661923 0.000892694 52.000000000 9.912974000
372850.264124654 0.101690431 19.169007826 2.047512487 0.016448841 50.000000000 11.287387000
372850.362830798 0.098706144 19.712604369 1.987363011 0.011828284 44.000000000 8.963722000
372850.462590593 0.099759795 21.436968594 2.043788669 0.006532574 29.000000000 6.852455000
372850.562362492 0.099771899 23.130883545 1.980883742 0.018525065 30.000000000 8.873095000
372850.662593280 0.100230788 17.770719514 2.004580716 0.006208990 31.000000000 6.575686000
372850.762536955 0.099943675 21.080242408 1.997601890 0.003151906 32.000000000 6.346075000
372850.862493848 0.099956893 20.675958268 2.006304873 0.005129708 32.000000000 6.822364000
372850.962067731 0.099573883 20.856428024 1.992834563 0.001060304 25.000000000 6.156288000
372851.062003303 0.099935572 18.399391053 1.996710388 0.010122533 23.000000000 7.287337000
372851.162386478 0.100383174 16.451653701 1.995542236 0.001296856 28.000000000 7.098416000
372851.361889141 0.199502663 49.984467613 4.018239427 0.007015877 15.000000000 6.276679000
372851.461758153 0.099869013 16.425737139 1.985792222 0.005289163 25.000000000 7.131699000
372851.562339026 0.100580872 34.396855094 1.993459445 0.012730466 23.000000000 6.262861000
372851.662472217 0.100133192 20.409295761 2.165076416 0.013096277 16.000000000 7.766781000
372851.762139183 0.099666966 25.655851123 1.989744196 0.012237345 22.000000000 14.680674000
372851.862054580 0.099915396 20.026388205 1.984457563 0.002638027 22.000000000 7.166863000
372851.962208254 0.100153675 20.792471481 1.976368297 0.012926810 33.000000000 6.837887000
372852.061952992 0.099744738 17.612403894 1.973637496 0.003436647 27.000000000 9.252130000
372852.262179709 0.200226717 18.907353160 3.989856276 0.010475389 33.000000000 7.951275000
372852.362156964 0.099977255 16.939972369 1.969607723 0.015327282 45.000000000 8.151466000
372852.462013419 0.099856456 22.919452746 1.978742358 0.008086288 42.000000000 7.883284000
372852.662164515 0.200151095 21.940916110 3.995056906 0.034959362 31.000000000 6.197593000
372852.762240713 0.100076199 16.409993110 1.980230251 0.038573395 38.000000000 8.234904000
372852.862037871 0.099797158 28.321933654 1.992787086 0.038242601 36.000000000 7.319273000
372852.962252284 0.100214413 26.831564367 2.003817800 0.030080653 36.000000000 6.592894000
372853.061959687 0.099707403 19.082329869 1.989914683 0.025534196 31.000000000 7.196234000
372853.261937699 0.199978012 19.245451613 4.010395378 0.068575980 21.000000000 6.185563000
