365122.384311199 1.712390000     -0.247401000    0.115890000     89.121994875    -0.013199960    90.389902006    0.000000000     
365122.484287024 1.712390000     -0.247401000    0.115890000     89.121994875    -0.013199960    90.389902006    0.000000000     
365122.584384680 1.712390000     -0.247401000    0.115890000     89.121994875    -0.013199960    90.389902006    0.000000000     
365122.684199810 1.712390000     -0.247401000    0.115890000     89.121994875    -0.013199960    90.389902006    0.000000000     
365122.784371376 1.712390000     -0.247401000    0.115890000     89.121994875    -0.013199960    90.389902006    0.000000000     
365122.884240150 1.712390000     -0.247401000    0.115890000     89.121994875    -0.013199960    90.389902006    0.000000000     
365122.984395504 1.712390000     -0.247401000    0.115890000     89.121994875    -0.013199960    90.389902006    0.000000000     
365123.084333897 1.712390000     -0.247401000    0.115890000     89.121994875    -0.013199960    90.389902006    0.000000000     
365123.184306860 1.712390000     -0.247401000    0.115890000     89.121994875    -0.013199960    90.389902006    0.000000000     
365123.284276009 0.701308362     -0.626214474    0.580935992     87.256714971    -1.316251806    95.378218934    0.000818848     
365123.385197281 -2.285315915    -5.482116588    -0.480565651    85.828708505    -6.494874838    102.427180324   -0.002974996    
365123.481539479 0.851939030     -22.531148101   48.857885404    83.947280265    -3.353581047    97.712797829    -0.004617587    
365123.579801901 14.122354028    -0.147516929    -26.243900621   83.518971509    -0.555136563    95.585659929    -0.005699418    
365123.779093244 8.558782226     0.899958854     -4.692271791    86.911345360    -2.714450748    93.864674663    -0.002572644    
365123.981966149 5.373686524     1.519239045     1.900476779     86.760278844    -2.659769220    96.560937481    -0.000695736    
365124.183598964 2.960408033     -0.067737285    -2.033558093    85.548998271    -2.323598469    97.758085806    0.001241301     
365124.285470818 4.195689675     -5.402792716    -333.585309804  102.498316261   -12.987188180   32.884389831    0.022759341     
