365122.384311199 0.199879169     2.000000000     20.000000000    0.046449481     1.374504491     0.625302499     0.716998372     6.000000000     16.000000000    2.320228000     3.524340000     0.009059000     0.000000000     0.000000000     
365122.484287024 0.099975824     1.000000000     29.000000000    0.060872051     1.228590303     0.588435871     0.661378215     6.000000000     16.000000000    1.726848000     4.232780000     0.018916000     5.000000000     0.000000000     
365122.584384680 0.100097656     1.000000000     31.000000000    0.086931922     1.496179488     0.644206153     0.747707914     6.000000000     16.000000000    2.069401000     4.512460000     0.011565000     1.000000000     0.000000000     
365122.684199810 0.099815130     1.000000000     29.000000000    0.060110566     1.439039857     0.658070351     0.755879704     6.000000000     16.000000000    4.300056000     6.648206000     0.014914000     4.000000000     0.000000000     
365122.784371376 0.100171566     1.000000000     28.000000000    0.046781507     1.218530909     0.511729105     0.616680411     6.000000000     16.000000000    2.238423000     4.943343000     0.013706000     3.000000000     1.000000000     
365122.884240150 0.099868774     1.000000000     30.000000000    0.079446884     1.285191257     0.520040779     0.599905195     6.000000000     16.000000000    2.860905000     9.986237000     0.018437000     6.000000000     4.000000000     
365122.984395504 0.100155354     1.000000000     30.000000000    0.010607362     0.977634845     0.417338487     0.471882313     6.000000000     16.000000000    3.143869000     7.317439000     0.026104000     5.000000000     2.000000000     
365123.084333897 0.099938393     1.000000000     35.000000000    0.004141658     0.996425087     0.393016411     0.462099368     6.000000000     16.000000000    4.061399000     8.284636000     0.026627000     0.000000000     0.000000000     
365123.184306860 0.099972963     1.000000000     50.000000000    0.001836132     1.308863556     0.367851661     0.458648251     6.000000000     16.000000000    4.569934000     13.036139000    0.033572000     1.000000000     0.000000000     
365123.284276009 0.099969149     1.000000000     65.000000000    0.446931684     1.256192330     0.941597161     0.974777925     6.000000000     16.000000000    5.762223000     14.405228000    0.641621000     99.000000000    255.000000000   
365123.385197281 0.100921272     1.000000000     15.000000000    1.465835007     1.488891229     1.477363118     1.477408095     6.000000000     16.000000000    2.799158000     5.627610000     0.204487000     22.000000000    21.000000000    
365123.481539479 0.096342198     1.000000000     9.000000000     0.880599023     1.445129255     1.162864139     1.196631356     4.000000000     13.000000000    2.281137000     5.034876000     0.219778000     9.000000000     6.000000000     
365123.579801901 0.098262422     1.000000000     0.000000000     1.339382195     1.339382195     1.339382195     1.339382195     6.000000000     15.000000000    2.137406000     5.604146000     0.230578000     1.000000000     0.000000000     
365123.779093244 0.297553765     3.000000000     0.000000000     1.202028086     1.202028086     1.202028086     1.202028086     6.000000000     2.000000000     2.151625000     0.858132000     0.044843000     0.000000000     0.000000000     
365123.981966149 0.500426670     5.000000000     0.000000000     1.154529603     1.154529603     1.154529603     1.154529603     5.000000000     2.000000000     3.261391000     1.200112000     0.054684000     0.000000000     0.000000000     
365124.183598964 0.201632815     2.000000000     1.000000000     1.215683495     1.215683495     1.215683495     1.215683495     6.000000000     1.000000000     2.992162000     0.559958000     0.213969000     1.000000000     0.000000000     
