365122.484287024 0.099975824     16.446888779    0.255349122     1.712446325     29.000000000    11.950991000    
365122.584384680 0.100097656     18.578384586    0.261397916     1.595391263     31.000000000    15.384812000    
365122.684199810 0.099815130     16.386152117    0.291684103     1.518110924     29.000000000    18.964300000    
365122.784371376 0.100171566     15.054968740    0.252889288     1.353431760     28.000000000    12.315325000    
365122.884240150 0.099868774     15.547549002    0.194026128     1.240292026     30.000000000    11.156550000    
365122.984395504 0.100155354     17.658824442    0.178806333     1.255105706     30.000000000    11.781908000    
365123.084333897 0.099938393     16.689425624    0.161494245     1.235386643     35.000000000    16.645924000    
365123.184306860 0.099972963     17.669992148    0.172023940     1.219758986     50.000000000    10.684045000    
365123.284276009 0.099969149     19.013672140    0.191909095     1.267671571     65.000000000    16.242510000    
365123.385197281 0.100921272     20.164907996    0.153960647     1.330122374     15.000000000    12.511005000    
365123.481539479 0.096342198     17.127609656    0.195105522     1.250090651     9.000000000     16.335440000    
365124.285470818 0.101871854     17.725682266    0.231114789     1.337564808     7.000000000     31.420702000    
