364456.374036312 1.712390000     -0.247401000    0.115890000     89.121994875    -0.013199960    90.389902006    0.000000000     
364456.574106455 1.712390000     -0.247401000    0.115890000     89.121994875    -0.013199960    90.389902006    0.000000000     
364456.774084330 1.712390000     -0.247401000    0.115890000     89.121994875    -0.013199960    90.389902006    0.000000000     
364456.974213600 1.712390000     -0.247401000    0.115890000     89.121994875    -0.013199960    90.389902006    0.000000000     
364457.174117804 1.712390000     -0.247401000    0.115890000     89.121994875    -0.013199960    90.389902006    0.000000000     
364457.374026060 1.712390000     -0.247401000    0.115890000     89.121994875    -0.013199960    90.389902006    0.000000000     
364457.573940277 1.712390000     -0.247401000    0.115890000     89.121994875    -0.013199960    90.389902006    0.000000000     
364457.776454210 1.712390000     -0.247401000    0.115890000     89.121994875    -0.013199960    90.389902006    0.000000000     
364457.973961830 1.712390000     -0.247401000    0.115890000     89.121994875    -0.013199960    90.389902006    0.000000000     
364458.174047947 1.799040255     0.002545376     0.016270917     89.767664845    -4.001417548    88.825519208    0.001791018     
364458.275799530 1.771554657     0.012038665     -0.039315228    89.622593134    -4.559495100    88.680966565    0.002137537     
364458.476284619 1.714112384     -0.103117186    -0.059444705    89.449376012    -5.326648409    89.238657644    0.002187401     
364458.576066881 1.760317796     -0.155693503    -0.085232637    89.269752419    -5.379973972    89.510659503    0.002133903     
364458.676165399 1.766453333     -0.185357195    -0.034136404    89.279643528    -5.351663852    89.680446435    0.002224140     
364458.776368313 1.726027517     -0.249940245    0.032766967     89.299143739    -5.256379445    89.910667206    0.002378086     
364458.876464705 1.670861733     -0.267587906    0.059128006     89.310784956    -5.046271755    89.913213096    0.002347542     
364458.976423813 1.591325282     -0.311302401    0.122704731     89.356776308    -3.428889239    90.207805416    0.002386383     
364459.076497368 1.576837774     -0.330372413    0.068181886     89.342503192    -2.604960015    90.185167960    0.002355428     
364459.176567645 1.577236401     -0.310021195    0.083110186     89.463978056    -2.499247696    90.000578950    0.002255011     
364459.376354504 1.574307243     -0.335707197    0.054717265     89.457739983    -2.407502128    90.004810947    0.002583937     
364459.578183845 1.545072455     -0.377875091    0.032834487     89.406712521    -2.210563047    90.023606636    0.002705200     
364459.776944025 1.505070684     -0.393768654    0.050192788     89.420865263    -1.977644483    89.862634408    0.002559770     
364459.976637710 1.560307185     -0.401861443    0.059479863     89.410219430    -2.007171930    89.941891213    0.002652763     
364460.076667188 1.553395741     -0.398766373    0.061867749     89.411668524    -2.044994814    89.912405970    0.002735287     
364460.176978737 1.582275162     -0.389549069    0.092439354     89.511910565    -2.010066993    89.954207107    0.002479502     
364460.276567647 1.627535422     -0.360925720    0.122363666     89.511530934    -1.701303831    89.877208453    0.002497453     
364460.376674193 1.689245868     -0.358832482    0.106386249     89.506399846    -1.500349621    89.804789790    0.002670770     
364460.476760154 1.688938337     -0.366653733    0.109960401     89.503198408    -1.437943856    89.817800009    0.002787909     
364460.576946339 1.696108524     -0.383056362    0.109778053     89.511525053    -1.453971200    89.940366522    0.002819469     
364460.676862886 1.714008461     -0.399525264    0.110228368     89.525725348    -1.481055769    90.019877243    0.002812683     
364460.777229129 1.721735847     -0.403528074    0.110713910     89.521330606    -1.524960690    90.017646771    0.002911555     
364460.876817929 1.732978028     -0.412808411    0.112751439     89.533281224    -1.466719256    90.058678513    0.002837918     
364460.976954481 1.751668062     -0.413537093    0.125590467     89.520338115    -1.086166278    90.016211304    0.002881270     
364461.077033740 1.734012102     -0.415766754    0.122497024     89.520304254    -1.015545822    90.012983260    0.002897456     
364461.176902726 1.740814434     -0.411979342    0.107798538     89.397146767    -0.989131555    90.046016026    0.002794195     
364461.276754786 1.730253273     -0.413864886    0.102949649     89.397643912    -0.920797860    90.054252303    0.002759118     
364461.376900811 1.744833823     -0.418222484    0.104344560     89.399242353    -0.838187614    90.057990066    0.002741659     
364461.476837480 1.730064849     -0.420484202    0.105158571     89.412706625    -0.808632958    90.037576144    0.002729186     
364461.576797255 1.736034319     -0.416435950    0.101440812     89.413414983    -0.766137572    90.023044370    0.002682963     
364461.676780024 1.743061756     -0.412281832    0.098107026     89.413722300    -0.724904535    90.006556980    0.002703093     
364461.776760004 1.741157607     -0.409797463    0.094495323     89.414047783    -0.721260470    89.983377987    0.002716654     
364461.876805657 1.736305038     -0.408050452    0.095464760     89.414197783    -0.700279697    89.981117188    0.002763149     
364461.977076170 1.738202738     -0.422049903    0.094720947     89.414832580    -0.570366752    90.051067146    0.002781061     
364462.077146915 1.750995756     -0.432618026    0.089534380     89.389010667    -0.489626103    90.098817067    0.002835760     
364462.177089224 1.761954650     -0.429516218    0.078514115     89.284477153    -0.464071763    90.072241578    0.002828249     
364462.277040132 1.778385497     -0.431756166    0.080684203     89.307266839    -0.461562260    90.093150232    0.002841126     
364462.376936566 1.770146600     -0.430902901    0.088041811     89.325169646    -0.445868051    90.137832784    0.002834516     
364462.477020221 1.754550678     -0.431911839    0.094148984     89.329180010    -0.433054978    90.193241913    0.002819958     
364462.576909246 1.742778645     -0.418705183    0.090658700     89.328067040    -0.467421729    90.150732728    0.002813885     
364462.676929543 1.755908713     -0.422021438    0.094337359     89.341777659    -0.458521847    90.159623841    0.002769167     
364462.776908809 1.722848544     -0.409828216    0.099673389     89.344580056    -0.536195893    90.177424712    0.002762805     
364462.876931916 1.687840119     -0.408138783    0.102048219     89.341117895    -0.436757239    90.212522448    0.002758166     
364462.976739070 1.666760127     -0.399605337    0.102576556     89.344862178    -0.363466689    90.181425663    0.002766110     
364463.076723315 1.633212202     -0.399714949    0.105947671     89.344118175    -0.321175566    90.209533877    0.002814176     
364463.179005983 1.636976772     -0.394079833    0.104789543     89.251465400    -0.262490001    90.191067562    0.002906795     
364463.376908060 1.658224181     -0.393928167    0.108498047     89.254640989    -0.143243494    90.187706979    0.002853466     
364463.476951595 1.664538152     -0.390888466    0.107690218     89.255234756    -0.180084935    90.183202369    0.002852949     
364463.577583345 1.674454999     -0.382388874    0.097926623     89.208564138    -0.170904293    90.131271232    0.002892950     
364463.677530745 1.685795007     -0.388826971    0.097850732     89.208982091    -0.164536413    90.126210811    0.002923710     
364463.777067883 1.686765132     -0.388623430    0.100387363     89.208310707    -0.125640082    90.081006898    0.002949614     
364463.877155764 1.691830475     -0.373984002    0.097136338     89.194432607    -0.109341877    89.987865500    0.002972867     
364464.076947589 1.697936726     -0.341686419    0.088273050     89.188057084    -0.119471797    89.755482456    0.002971814     
364464.177060391 1.687654550     -0.346045227    0.075312674     89.184388319    -0.215317587    89.770197080    0.002953068     
364464.277040497 1.691190824     -0.337422732    0.064089227     89.158623772    -0.235707779    89.706562350    0.002959948     
364464.377042752 1.691550537     -0.333927536    0.059438437     89.157343950    -0.262873881    89.686243603    0.002953339     
364464.477006961 1.695293395     -0.333284398    0.036627908     89.160447367    -0.276486786    89.682449955    0.002986224     
364464.577140601 1.698490907     -0.343368790    0.037228380     89.198098224    -0.273487955    89.719054509    0.002975737     
364464.677047525 1.703128458     -0.348550597    0.029825905     89.199450550    -0.275630911    89.736653015    0.002980243     
364464.777081978 1.706780134     -0.356913998    0.031728675     89.197987397    -0.184124383    89.741736035    0.002978914     
364464.877056472 1.722231630     -0.356676277    0.029736439     89.198504260    -0.051012119    89.731265725    0.002993536     
364464.978071165 1.733794084     -0.355972111    0.033958663     89.248387204    0.012268866     89.671101767    0.002971067     
364465.077164544 1.736396648     -0.357115167    0.031335077     89.246729348    -0.001716276    89.657094111    0.002972488     
364465.177150373 1.745730330     -0.362439742    0.030602207     89.244511099    -0.015338328    89.648821908    0.002979055     
364465.277189031 1.733066065     -0.356518423    0.029326047     89.246276852    -0.016484207    89.656410310    0.003019210     
364465.377234336 1.731331213     -0.354886247    0.027022527     89.247087938    -0.053918799    89.676688414    0.003022424     
364465.477261058 1.727907834     -0.350006538    0.025792239     89.246754658    -0.087566280    89.680136714    0.003040905     
364465.577456589 1.726281407     -0.352292949    0.027650894     89.248162357    -0.073264300    89.691790548    0.003045600     
364465.677248281 1.724758776     -0.353564262    0.032376498     89.248154060    -0.041611135    89.700669344    0.003032795     
364465.777295224 1.720146796     -0.358518352    0.032703997     89.250720545    -0.004683543    89.715297405    0.003038345     
364465.877243457 1.713011672     -0.358407495    0.030771667     89.251726200    0.036640338     89.709083414    0.003045953     
364465.977223075 1.715879572     -0.369126292    0.039705613     89.294821884    0.131775632     89.758257927    0.003064840     
364466.077213733 1.720527162     -0.361825805    0.039135124     89.291702866    0.160899986     89.714349178    0.003073203     
364466.177336681 1.720267800     -0.355981191    0.038627171     89.283232939    0.171416169     89.688584415    0.003079438     
364466.277184034 1.713286766     -0.348797051    0.041022722     89.281655167    0.126112916     89.668168685    0.003084436     
364466.377247825 1.709851582     -0.349240070    0.042547249     89.281622109    0.131729487     89.668863570    0.003080721     
364466.477217073 1.699316044     -0.351377306    0.046978564     89.291495097    0.090975065     89.689267973    0.003095000     
364466.577148288 1.692133070     -0.349947579    0.048316426     89.291063323    0.057736136     89.689010613    0.003106708     
364466.677042598 1.690325458     -0.345747585    0.051080370     89.305552448    0.068107179     89.665496034    0.003102806     
364466.778364923 1.683495656     -0.343625246    0.051442008     89.305134996    0.051880453     89.662504179    0.003120610     
364466.877163597 1.680900818     -0.340444995    0.053545198     89.305011948    0.050460726     89.668490940    0.003094062     
364466.977212295 1.674502853     -0.337298623    0.054987291     89.306915735    0.038490334     89.663862829    0.003130217     
364467.077404519 1.676786078     -0.332048936    0.054395907     89.302336598    0.045971000     89.631581568    0.003169489     
364467.177244377 1.680969273     -0.330717533    0.052384658     89.302660411    0.000211244     89.631795136    0.003172456     
364467.277192413 1.676746474     -0.331403472    0.052945958     89.302545123    0.010922965     89.631388017    0.003180297     
364467.377331527 1.675565880     -0.332931824    0.053663399     89.302747617    0.024225707     89.638996529    0.003194984     
364467.477290805 1.675428011     -0.331187644    0.054366991     89.302046172    0.003896841     89.640636388    0.003206322     
364467.577399084 1.681320034     -0.330436042    0.055303266     89.331714535    -0.002752112    89.632398704    0.003204479     
364467.677199497 1.681635791     -0.330928209    0.056138058     89.331763000    0.008668111     89.633912580    0.003184932     
364467.777341026 1.681518976     -0.331422115    0.056036842     89.331786331    0.013776898     89.636206642    0.003167733     
364467.877301082 1.682066086     -0.333675962    0.056233330     89.332698306    0.020853056     89.642245066    0.003152089     
364467.977280336 1.682460576     -0.333061488    0.056738169     89.332506579    0.010662359     89.644442840    0.003136317     
364468.077306430 1.682966267     -0.332379249    0.055007461     89.319231116    0.006694811     89.650598836    0.003143217     
364468.177254345 1.682326134     -0.334400559    0.061974180     89.353401797    0.012097369     89.656445464    0.003143943     
364468.277471698 1.682136267     -0.334906701    0.061609744     89.353274669    0.011905562     89.654834318    0.003168087     
364468.377462368 1.682484142     -0.336892826    0.054522284     89.310224166    0.006083995     89.664655052    0.003182630     
364468.477339486 1.682163685     -0.336598684    0.055942069     89.310412862    0.011352252     89.661904085    0.003198882     
364468.578976412 1.682598114     -0.337682141    0.059456018     89.334734667    0.018884226     89.664650939    0.003217589     
364468.677412879 1.683484681     -0.337728104    0.058486587     89.334305919    0.008469349     89.660937848    0.003191002     
364468.777238854 1.682867157     -0.338286944    0.058560153     89.335839079    0.008182248     89.659918067    0.003193603     
364468.877293573 1.684056848     -0.338635239    0.056701693     89.336285265    0.008293025     89.666725555    0.003197077     
364468.977249745 1.683364464     -0.339398103    0.057860224     89.336435545    0.004767190     89.672482554    0.003200489     
364469.077416139 1.683630223     -0.338516157    0.055674528     89.320819695    0.006388294     89.669920182    0.003207967     
364469.177555845 1.682714730     -0.340131726    0.053821496     89.332168677    -0.001967886    89.668115688    0.003216962     
364469.277308206 1.682378364     -0.340753901    0.055796831     89.347337115    -0.009138568    89.643516506    0.003210526     
364469.377460222 1.677780541     -0.341452789    0.054299011     89.341378062    -0.016069669    89.652086267    0.003209712     
364469.477384927 1.677396549     -0.339874975    0.053551133     89.341481372    -0.021507971    89.637226395    0.003204364     
364469.577472705 1.676888521     -0.339950632    0.052285120     89.341711583    -0.030690424    89.630308923    0.003205789     
364469.677388681 1.676278294     -0.340771829    0.051117725     89.341535598    -0.033912067    89.625531886    0.003204232     
364469.777385121 1.673075225     -0.340999498    0.050165897     89.341771317    -0.028347541    89.621794193    0.003202023     
364469.877435030 1.668558047     -0.337427086    0.047627324     89.341855270    -0.009306414    89.612088277    0.003197377     
364469.977412646 1.663920828     -0.334974626    0.046012505     89.341686550    0.005018757     89.604751616    0.003207613     
364470.077272345 1.659455921     -0.332159623    0.048748151     89.365959906    0.004475480     89.598520744    0.003215109     
364470.177267347 1.657568761     -0.334020196    0.048610395     89.359460946    -0.002498534    89.605248906    0.003217508     
364470.277273704 1.662117451     -0.336829482    0.050093875     89.359428063    -0.016218129    89.605426232    0.003213803     
364470.377542893 1.669181348     -0.337864251    0.050829173     89.353996041    -0.038730914    89.601646048    0.003212971     
364470.477419418 1.671796672     -0.336809657    0.054499156     89.354526017    -0.076042236    89.615175182    0.003202510     
364470.577660633 1.674605764     -0.341761885    0.052530036     89.343091925    -0.102888654    89.643880745    0.003201310     
364470.677288834 1.666441230     -0.344126125    0.051453671     89.343289785    -0.115715910    89.654373307    0.003191873     
364470.777349397 1.674138394     -0.341577184    0.048654327     89.334308614    -0.133432156    89.637190398    0.003186274     
364470.877495575 1.671875821     -0.339186018    0.047410050     89.334201891    -0.136835402    89.614969274    0.003168722     
364470.977480074 1.672014443     -0.340379582    0.045775721     89.334279562    -0.156633272    89.621140205    0.003173878     
364471.077475836 1.671327118     -0.341108140    0.046509286     89.334067646    -0.148931651    89.613466912    0.003174817     
364471.177397525 1.673039617     -0.338679486    0.046730377     89.351691952    -0.143711699    89.586439766    0.003174746     
364471.277384484 1.670879922     -0.341874841    0.043912904     89.342791112    -0.170226710    89.608921285    0.003196608     
364471.377418172 1.667589160     -0.343347131    0.044816719     89.342912067    -0.174549338    89.611238994    0.003198525     
364471.477365396 1.668333104     -0.345874739    0.046015436     89.342662909    -0.154401531    89.612326360    0.003195002     
364471.577279999 1.667183524     -0.345406010    0.047397307     89.342565207    -0.150294843    89.608513602    0.003192654     
364471.677411547 1.666849433     -0.345171730    0.045284473     89.330369824    -0.149010481    89.605151787    0.003184654     
364471.977653601 1.668623920     -0.344371437    0.037734768     89.268647253    -0.104744642    89.592250896    0.003181516     
364472.178020298 1.668307348     -0.346761727    0.046941489     89.335869057    -0.115347822    89.605792086    0.003188611     
364472.477300645 1.667529077     -0.348352545    0.052359206     89.375113569    -0.139614655    89.617281685    0.003183593     
364472.677313318 1.666497230     -0.348021727    0.049225460     89.373723564    -0.121838768    89.609440271    0.003178869     
364472.877220903 1.664536787     -0.353750726    0.040890339     89.326324197    -0.060967100    89.631764733    0.003183395     
364473.077189476 1.664932977     -0.353749544    0.041069090     89.326563517    -0.056431994    89.632480739    0.003183882     
364473.277120869 1.666257239     -0.354751853    0.039873688     89.307115787    -0.049723435    89.640421312    0.003176382     
364473.477168968 1.667821306     -0.356515395    0.036678497     89.283814318    -0.032534689    89.652426566    0.003176468     
364473.677154081 1.667706852     -0.356867592    0.038368423     89.291661117    0.009820168     89.649333266    0.003181231     
364473.877294552 1.668332033     -0.358898055    0.037590875     89.286611688    0.046478067     89.656834459    0.003175376     
364474.077268480 1.668214679     -0.359510968    0.042529356     89.322818275    0.065485729     89.658752878    0.003174854     
364474.377384258 1.668964881     -0.360615016    0.045044103     89.336166097    0.069811383     89.662317501    0.003164038     
364474.577386126 1.668371374     -0.360539807    0.049385361     89.368115487    0.062797053     89.658361994    0.003159709     
364474.777322002 1.667488011     -0.359998275    0.050962747     89.379113115    0.066134623     89.653037104    0.003157743     
364474.977275022 1.666246371     -0.359304091    0.056319369     89.416341838    0.077171662     89.644459129    0.003153905     
364475.177308186 1.665201193     -0.358646954    0.055888091     89.406825225    0.067682154     89.645715064    0.003143069     
364475.377163169 1.664547192     -0.358951925    0.057765289     89.422545709    0.075373657     89.645624637    0.003133964     
364475.577174139 1.664038381     -0.359107662    0.056097762     89.419075682    0.083025162     89.649382360    0.003127665     
