364456.374036312 0.200024128     2.000000000     57.000000000    0.001402113     0.554410376     0.121402398     0.174557522     6.000000000     14.000000000    5.102484000     9.501190000     0.014601000     0.000000000     0.000000000     
364456.574106455 0.200070143     2.000000000     82.000000000    0.001737225     0.993994436     0.169203321     0.230263337     6.000000000     13.000000000    6.018988000     8.299907000     0.023112000     0.000000000     0.000000000     
364456.774084330 0.199977875     2.000000000     90.000000000    0.024547275     1.002468484     0.224664411     0.285787051     6.000000000     13.000000000    5.900285000     10.730611000    0.069145000     0.000000000     1.000000000     
364456.974213600 0.200129271     2.000000000     98.000000000    0.000495441     1.092632177     0.270395557     0.352046534     6.000000000     14.000000000    12.470222000    15.298157000    0.057379000     0.000000000     0.000000000     
364457.174117804 0.199904203     2.000000000     109.000000000   0.003578894     1.164151730     0.303619071     0.390080697     6.000000000     14.000000000    12.100582000    23.105450000    0.081499000     1.000000000     0.000000000     
364457.374026060 0.199908257     2.000000000     105.000000000   0.022430876     1.356212410     0.336626016     0.434174997     6.000000000     11.000000000    11.743553000    17.715430000    0.112905000     0.000000000     1.000000000     
364457.573940277 0.199914217     2.000000000     106.000000000   0.017285232     1.487772585     0.360198791     0.469147492     6.000000000     12.000000000    12.488990000    24.952554000    0.075353000     1.000000000     2.000000000     
364457.776454210 0.202513933     2.000000000     99.000000000    0.014486474     1.487748836     0.373311688     0.481431939     6.000000000     13.000000000    17.193790000    25.969152000    0.176643000     3.000000000     2.000000000     
364457.973961830 0.197507620     2.000000000     97.000000000    0.002216047     1.499166863     0.386620566     0.504652390     6.000000000     13.000000000    13.299511000    32.428560000    0.155687000     1.000000000     5.000000000     
364458.174047947 0.200086117     2.000000000     92.000000000    0.023343499     1.370033167     0.398661220     0.508614199     6.000000000     14.000000000    14.453495000    42.560643000    18.367613000    2.000000000     2.000000000     
364458.275799530 0.101751583     1.000000000     47.000000000    0.030794130     1.391741808     0.414736226     0.523315069     6.000000000     16.000000000    10.612838000    29.163533000    2.312475000     2.000000000     1.000000000     
364458.476284619 0.200485089     2.000000000     68.000000000    0.008634938     1.395438826     0.373500488     0.481254676     6.000000000     16.000000000    14.716456000    24.196947000    2.071533000     1.000000000     2.000000000     
364458.576066881 0.099782262     1.000000000     80.000000000    0.001479965     1.424171107     0.364688152     0.479277341     6.000000000     14.000000000    12.186976000    25.991745000    2.080343000     0.000000000     1.000000000     
364458.676165399 0.100098518     1.000000000     87.000000000    0.003246451     1.441506652     0.359511684     0.482413175     6.000000000     10.000000000    19.317504000    26.212081000    3.279308000     1.000000000     0.000000000     
364458.776368313 0.100202914     1.000000000     95.000000000    0.005862335     1.478707747     0.343755235     0.454846833     6.000000000     16.000000000    10.981682000    28.730985000    2.111908000     2.000000000     0.000000000     
364458.876464705 0.100096392     1.000000000     95.000000000    0.005084292     1.437014268     0.351102983     0.458680358     6.000000000     13.000000000    12.356723000    37.694020000    2.798130000     1.000000000     0.000000000     
364458.976423813 0.099959108     1.000000000     101.000000000   0.001492576     1.431668870     0.334349658     0.435177725     6.000000000     12.000000000    12.929020000    24.007976000    2.153548000     1.000000000     1.000000000     
364459.076497368 0.100073555     1.000000000     100.000000000   0.008699901     1.427791303     0.344161153     0.451381857     6.000000000     10.000000000    13.227541000    28.302719000    1.563744000     1.000000000     1.000000000     
364459.176567645 0.100070277     1.000000000     103.000000000   0.019741413     1.473086311     0.332100921     0.431384199     6.000000000     13.000000000    12.381836000    28.701357000    2.729208000     1.000000000     0.000000000     
364459.376354504 0.199786859     2.000000000     88.000000000    0.030985795     1.395460771     0.345272578     0.435436357     6.000000000     9.000000000     14.234026000    21.865333000    1.699866000     3.000000000     2.000000000     
364459.578183845 0.201829341     2.000000000     88.000000000    0.026946633     1.365647410     0.345743054     0.440966860     6.000000000     14.000000000    12.220269000    27.795934000    3.345871000     1.000000000     1.000000000     
364459.776944025 0.198760179     2.000000000     60.000000000    0.027049981     1.343477558     0.346850426     0.439326888     6.000000000     12.000000000    11.170489000    15.686701000    1.842617000     1.000000000     0.000000000     
364459.976637710 0.199693686     2.000000000     65.000000000    0.009828866     1.424642512     0.358056425     0.465692082     6.000000000     12.000000000    9.289108000     19.986945000    1.652306000     0.000000000     1.000000000     
364460.076667188 0.100029478     1.000000000     87.000000000    0.012867059     1.428678464     0.359220869     0.468279663     6.000000000     9.000000000     11.050422000    12.586927000    1.254242000     1.000000000     0.000000000     
364460.176978737 0.100311549     1.000000000     95.000000000    0.015045545     1.302131017     0.348026157     0.460427317     6.000000000     13.000000000    8.650067000     24.574782000    1.969997000     1.000000000     0.000000000     
364460.276567647 0.099588910     1.000000000     88.000000000    0.002013756     1.316905198     0.338854521     0.443701324     6.000000000     9.000000000     11.510827000    13.784035000    1.473946000     1.000000000     0.000000000     
364460.376674193 0.100106546     1.000000000     93.000000000    0.005985151     1.379210170     0.342712164     0.441927935     6.000000000     14.000000000    8.621271000     22.126076000    1.431800000     0.000000000     0.000000000     
364460.476760154 0.100085961     1.000000000     94.000000000    0.002998896     1.479542203     0.345791123     0.450238299     6.000000000     9.000000000     9.660828000     15.181601000    1.676907000     1.000000000     1.000000000     
364460.576946339 0.100186184     1.000000000     108.000000000   0.005159186     1.372320952     0.338792684     0.441952928     6.000000000     10.000000000    21.718535000    37.207630000    2.599487000     2.000000000     1.000000000     
364460.676862886 0.099916547     1.000000000     104.000000000   0.011573174     1.226716552     0.356586062     0.459576959     6.000000000     13.000000000    12.950838000    25.427404000    1.406294000     2.000000000     1.000000000     
364460.777229129 0.100366243     1.000000000     109.000000000   0.012234778     1.401533785     0.356423231     0.473121789     6.000000000     1.000000000     9.941632000     2.992348000     1.649235000     0.000000000     0.000000000     
364460.876817929 0.099588800     1.000000000     107.000000000   0.004780572     1.457853963     0.325237002     0.437629651     6.000000000     13.000000000    10.708187000    24.346940000    2.730300000     2.000000000     0.000000000     
364460.976954481 0.100136553     1.000000000     80.000000000    0.001240629     1.443069292     0.308923859     0.420895874     6.000000000     16.000000000    9.314527000     22.699997000    1.829105000     1.000000000     0.000000000     
364461.077033740 0.100079259     1.000000000     80.000000000    0.007603977     1.392763344     0.315986101     0.418088056     6.000000000     1.000000000     10.241273000    2.409393000     1.741231000     1.000000000     0.000000000     
364461.176902726 0.099868986     1.000000000     89.000000000    0.001523838     1.399563160     0.315522113     0.419606767     6.000000000     13.000000000    9.043059000     20.100209000    1.364015000     1.000000000     1.000000000     
364461.276754786 0.099852060     1.000000000     96.000000000    0.001007542     1.409186972     0.305055283     0.400443184     6.000000000     1.000000000     9.326032000     2.888501000     1.867415000     1.000000000     0.000000000     
364461.376900811 0.100146025     1.000000000     94.000000000    0.003064749     1.236578483     0.306015682     0.389261600     6.000000000     1.000000000     8.629553000     2.586609000     1.427469000     0.000000000     0.000000000     
364461.476837480 0.099936669     1.000000000     93.000000000    0.002250503     1.292000458     0.327075700     0.424694834     6.000000000     13.000000000    10.316772000    23.150553000    2.942179000     1.000000000     0.000000000     
364461.576797255 0.099959775     1.000000000     87.000000000    0.005093419     1.352602291     0.338087877     0.433672502     6.000000000     1.000000000     11.194359000    3.185109000     2.340496000     1.000000000     0.000000000     
364461.676780024 0.099982769     1.000000000     94.000000000    0.010395457     1.251935882     0.329174499     0.431053498     6.000000000     1.000000000     11.028197000    3.624878000     2.616250000     1.000000000     0.000000000     
364461.776760004 0.099979980     1.000000000     98.000000000    0.002557839     1.434090482     0.323914686     0.428617605     6.000000000     9.000000000     8.916158000     13.996318000    1.563837000     0.000000000     1.000000000     
364461.876805657 0.100045653     1.000000000     106.000000000   0.006629852     1.369431685     0.294281766     0.381357706     6.000000000     1.000000000     11.302875000    2.953513000     1.658562000     2.000000000     0.000000000     
364461.977076170 0.100270513     1.000000000     91.000000000    0.005204209     1.178872033     0.302042558     0.387865357     6.000000000     10.000000000    10.511617000    18.541634000    3.277683000     1.000000000     0.000000000     
364462.077146915 0.100070746     1.000000000     84.000000000    0.003084427     1.137309929     0.289839899     0.380370804     6.000000000     16.000000000    10.319965000    27.647634000    2.958037000     1.000000000     1.000000000     
364462.177089224 0.099942309     1.000000000     88.000000000    0.002009148     1.303162834     0.294920350     0.403375438     6.000000000     14.000000000    9.691553000     20.790100000    1.416721000     0.000000000     0.000000000     
364462.277040132 0.099950908     1.000000000     92.000000000    0.004358996     1.400401096     0.302597163     0.409932571     6.000000000     13.000000000    9.625292000     23.855910000    2.126830000     2.000000000     0.000000000     
364462.376936566 0.099896434     1.000000000     81.000000000    0.007477803     1.496863204     0.309316791     0.421032439     6.000000000     13.000000000    9.346544000     19.927762000    1.399358000     2.000000000     2.000000000     
364462.477020221 0.100083656     1.000000000     81.000000000    0.001812796     1.493140629     0.302465297     0.416069844     6.000000000     9.000000000     8.762545000     15.768297000    1.928349000     2.000000000     1.000000000     
364462.576909246 0.099889025     1.000000000     81.000000000    0.013598160     1.456404734     0.342075538     0.451250427     6.000000000     9.000000000     10.264567000    16.005109000    2.312052000     1.000000000     0.000000000     
364462.676929543 0.100020296     1.000000000     83.000000000    0.007875915     1.442956912     0.334527975     0.437543757     6.000000000     13.000000000    10.072736000    22.842754000    2.353160000     2.000000000     0.000000000     
364462.776908809 0.099979267     1.000000000     82.000000000    0.004715361     1.406291316     0.335330706     0.441063395     6.000000000     10.000000000    8.401841000     15.118308000    1.840174000     0.000000000     0.000000000     
364462.876931916 0.100023107     1.000000000     82.000000000    0.003817534     1.404711265     0.337243652     0.443331777     6.000000000     14.000000000    9.249708000     19.286746000    1.547336000     0.000000000     0.000000000     
364462.976739070 0.099807154     1.000000000     84.000000000    0.008624456     1.401608048     0.340995055     0.445057229     6.000000000     13.000000000    10.006928000    22.129564000    1.634900000     1.000000000     0.000000000     
364463.076723315 0.099984245     1.000000000     89.000000000    0.003913158     1.480613094     0.326168709     0.436829557     6.000000000     13.000000000    7.913541000     17.470530000    2.733551000     1.000000000     0.000000000     
364463.179005983 0.102282668     1.000000000     83.000000000    0.004885185     1.472174868     0.305420405     0.399720533     6.000000000     14.000000000    8.243803000     20.372906000    1.530881000     3.000000000     0.000000000     
364463.376908060 0.197902077     2.000000000     96.000000000    0.007754183     1.464236962     0.322677583     0.407369624     6.000000000     12.000000000    25.832811000    31.656256000    1.905666000     1.000000000     2.000000000     
364463.476951595 0.100043535     1.000000000     92.000000000    0.003192152     1.458057394     0.322456125     0.412327817     6.000000000     10.000000000    8.343478000     16.433531000    1.803003000     1.000000000     3.000000000     
364463.577583345 0.100631751     1.000000000     78.000000000    0.001156407     1.460301913     0.322081468     0.415115554     6.000000000     13.000000000    9.344004000     21.291970000    1.834740000     0.000000000     1.000000000     
364463.677530745 0.099947400     1.000000000     90.000000000    0.007315312     1.400552347     0.313833792     0.408308139     6.000000000     1.000000000     10.129240000    2.743707000     1.763572000     0.000000000     0.000000000     
364463.777067883 0.099537138     1.000000000     113.000000000   0.001561176     1.424475200     0.330530197     0.428519303     6.000000000     10.000000000    34.208297000    78.714998000    5.764836000     1.000000000     0.000000000     
364463.877155764 0.100087881     1.000000000     117.000000000   0.005304531     1.482444242     0.317722048     0.418135042     6.000000000     12.000000000    54.425850000    82.319928000    3.077684000     3.000000000     0.000000000     
364464.076947589 0.099878550     1.000000000     100.000000000   0.002187761     1.488522174     0.352914106     0.454308988     6.000000000     13.000000000    18.461134000    35.387875000    3.991047000     2.000000000     1.000000000     
364464.177060391 0.100112802     1.000000000     84.000000000    0.012216421     1.449710098     0.368952381     0.465746598     6.000000000     11.000000000    8.667832000     18.874772000    1.479970000     0.000000000     0.000000000     
364464.277040497 0.099980106     1.000000000     92.000000000    0.011280225     1.437424982     0.350149905     0.445524844     6.000000000     13.000000000    9.584993000     21.813934000    1.721954000     1.000000000     1.000000000     
364464.377042752 0.100002255     1.000000000     75.000000000    0.010066176     1.434890374     0.373759482     0.470545876     6.000000000     1.000000000     13.885937000    4.024653000     2.841808000     1.000000000     0.000000000     
364464.477006961 0.099964209     1.000000000     67.000000000    0.010604323     1.437017133     0.363739829     0.442566178     6.000000000     1.000000000     10.223811000    2.690272000     1.440168000     3.000000000     0.000000000     
364464.577140601 0.100133641     1.000000000     74.000000000    0.005160449     1.135599830     0.352852734     0.430986371     6.000000000     13.000000000    21.988270000    27.696666000    2.476309000     0.000000000     1.000000000     
364464.677047525 0.099906924     1.000000000     73.000000000    0.002988045     1.423607428     0.360560017     0.447814338     6.000000000     1.000000000     8.114387000     2.553675000     1.696910000     0.000000000     0.000000000     
364464.777081978 0.100034452     1.000000000     80.000000000    0.002922208     1.417602899     0.393483159     0.478251801     6.000000000     1.000000000     7.018769000     2.007465000     1.513258000     1.000000000     0.000000000     
364464.877056472 0.099974495     1.000000000     80.000000000    0.009913377     1.406669411     0.385803679     0.491134253     6.000000000     8.000000000     10.336326000    12.823277000    1.329793000     0.000000000     0.000000000     
364464.978071165 0.101014693     1.000000000     77.000000000    0.004529059     1.402006506     0.374106747     0.471215287     6.000000000     13.000000000    27.005149000    24.931950000    1.593364000     1.000000000     1.000000000     
364465.077164544 0.099093379     1.000000000     76.000000000    0.004266805     1.398954748     0.374790709     0.468319555     6.000000000     1.000000000     7.498786000     2.209070000     1.817101000     1.000000000     0.000000000     
364465.177150373 0.099985829     1.000000000     80.000000000    0.006510552     1.399439843     0.369088010     0.459996103     6.000000000     1.000000000     8.311185000     2.679438000     1.803492000     2.000000000     0.000000000     
364465.277189031 0.100038657     1.000000000     90.000000000    0.003971743     1.400769492     0.364436948     0.456506705     6.000000000     1.000000000     12.101292000    3.241406000     1.564281000     0.000000000     0.000000000     
364465.377234336 0.100045305     1.000000000     89.000000000    0.008626207     1.411230472     0.348247270     0.434268533     6.000000000     8.000000000     8.500150000     11.705332000    1.632844000     0.000000000     1.000000000     
364465.477261058 0.100026722     1.000000000     75.000000000    0.007513524     1.490320852     0.360535887     0.449146777     6.000000000     2.000000000     17.608742000    7.419877000     2.218511000     1.000000000     1.000000000     
364465.577456589 0.100195531     1.000000000     68.000000000    0.009797806     1.198710470     0.336601401     0.408550956     6.000000000     1.000000000     8.616375000     2.397664000     1.301139000     2.000000000     0.000000000     
364465.677248281 0.099791692     1.000000000     57.000000000    0.007234983     1.449481723     0.336474550     0.416821941     6.000000000     1.000000000     14.444456000    3.290957000     2.427016000     0.000000000     0.000000000     
364465.777295224 0.100046943     1.000000000     65.000000000    0.004608851     0.979691239     0.320246295     0.394476950     6.000000000     10.000000000    7.760875000     14.605355000    1.322866000     1.000000000     0.000000000     
364465.877243457 0.099948234     1.000000000     73.000000000    0.008309542     1.180696996     0.320510713     0.393287283     6.000000000     1.000000000     9.341138000     2.889473000     1.724956000     0.000000000     0.000000000     
364465.977223075 0.099979618     1.000000000     88.000000000    0.006339233     0.969792735     0.326266948     0.392371410     6.000000000     13.000000000    9.944001000     20.037355000    2.139178000     1.000000000     0.000000000     
364466.077213733 0.099990658     1.000000000     84.000000000    0.009033667     1.236549709     0.343112650     0.419218652     6.000000000     10.000000000    9.430070000     15.941315000    2.108400000     1.000000000     0.000000000     
364466.177336681 0.100122948     1.000000000     73.000000000    0.000291519     1.335277588     0.347981113     0.436074065     6.000000000     12.000000000    9.137639000     18.933445000    2.210888000     1.000000000     2.000000000     
364466.277184034 0.099847353     1.000000000     72.000000000    0.006122046     1.453868907     0.339110471     0.438863606     6.000000000     13.000000000    8.643585000     16.527203000    1.308911000     2.000000000     1.000000000     
364466.377247825 0.100063791     1.000000000     74.000000000    0.002239812     1.448633378     0.331328366     0.436361129     6.000000000     1.000000000     7.960628000     2.346263000     1.289041000     0.000000000     0.000000000     
364466.477217073 0.099969248     1.000000000     75.000000000    0.003610792     1.446364917     0.351161512     0.470338349     6.000000000     13.000000000    9.402585000     20.172021000    1.793296000     2.000000000     1.000000000     
364466.577148288 0.099931214     1.000000000     79.000000000    0.004702010     1.448039876     0.330704162     0.448183418     6.000000000     3.000000000     11.238681000    7.440545000     2.928748000     2.000000000     2.000000000     
364466.677042598 0.099894310     1.000000000     86.000000000    0.002862965     1.455874591     0.341752923     0.442497919     6.000000000     13.000000000    10.397046000    22.441655000    2.311403000     0.000000000     2.000000000     
364466.778364923 0.101322325     1.000000000     80.000000000    0.003412651     1.460887242     0.349508355     0.449645815     6.000000000     3.000000000     7.967035000     5.732130000     1.583350000     0.000000000     2.000000000     
364466.877163597 0.098798674     1.000000000     91.000000000    0.002505092     1.463092725     0.362158557     0.478018559     6.000000000     1.000000000     8.453170000     2.446623000     1.460375000     1.000000000     0.000000000     
364466.977212295 0.100048697     1.000000000     87.000000000    0.005661813     1.180814421     0.349318466     0.436152811     6.000000000     12.000000000    9.331136000     20.499572000    1.668438000     3.000000000     1.000000000     
364467.077404519 0.100192224     1.000000000     82.000000000    0.009965052     1.308689114     0.365327746     0.460637669     6.000000000     12.000000000    11.040028000    19.670831000    1.368533000     1.000000000     1.000000000     
364467.177244377 0.099839858     1.000000000     74.000000000    0.010447536     1.279265274     0.384410400     0.477385198     6.000000000     1.000000000     9.834083000     2.641164000     1.798415000     0.000000000     0.000000000     
364467.277192413 0.099948036     1.000000000     65.000000000    0.011549119     1.479627029     0.411470830     0.519024024     6.000000000     1.000000000     8.242779000     2.396521000     1.210488000     0.000000000     0.000000000     
364467.377331527 0.100139114     1.000000000     73.000000000    0.001028696     1.457705102     0.389629258     0.495547846     6.000000000     1.000000000     10.699973000    2.818134000     2.149378000     3.000000000     0.000000000     
364467.477290805 0.099959278     1.000000000     77.000000000    0.005799324     1.329561355     0.387780072     0.489593305     6.000000000     1.000000000     9.006235000     2.816176000     1.494313000     3.000000000     0.000000000     
364467.577399084 0.100108279     1.000000000     69.000000000    0.017795983     1.432129984     0.393261764     0.509295496     6.000000000     13.000000000    10.051335000    22.875513000    1.578282000     0.000000000     0.000000000     
364467.677199497 0.099800413     1.000000000     56.000000000    0.025270397     1.446994526     0.391180930     0.509513391     6.000000000     1.000000000     8.606139000     2.367243000     1.626396000     0.000000000     0.000000000     
364467.777341026 0.100141529     1.000000000     65.000000000    0.013139335     1.462844025     0.371708032     0.500406817     6.000000000     2.000000000     7.211086000     3.246751000     1.538476000     1.000000000     0.000000000     
364467.877301082 0.099960056     1.000000000     62.000000000    0.004639180     1.432173163     0.359904567     0.480543707     6.000000000     1.000000000     7.324302000     2.239802000     1.517763000     0.000000000     0.000000000     
364467.977280336 0.099979254     1.000000000     62.000000000    0.007946230     1.434423975     0.364440322     0.481644368     6.000000000     1.000000000     12.431714000    3.827616000     1.847389000     0.000000000     0.000000000     
364468.077306430 0.100026094     1.000000000     69.000000000    0.001819894     1.395417923     0.348781893     0.458638555     6.000000000     12.000000000    7.355206000     15.517684000    1.227224000     1.000000000     2.000000000     
364468.177254345 0.099947915     1.000000000     72.000000000    0.001675291     1.393141169     0.373090332     0.472694998     6.000000000     13.000000000    13.751341000    22.445027000    1.478378000     2.000000000     1.000000000     
364468.277471698 0.100217353     1.000000000     61.000000000    0.000763893     1.392399429     0.370975558     0.466557407     6.000000000     2.000000000     8.321550000     3.550713000     1.484070000     1.000000000     1.000000000     
364468.377462368 0.099990670     1.000000000     65.000000000    0.001148775     1.341138615     0.402336590     0.502536263     6.000000000     13.000000000    21.121623000    26.837455000    2.112898000     0.000000000     0.000000000     
364468.477339486 0.099877119     1.000000000     68.000000000    0.001826216     1.405703176     0.398795626     0.484459403     6.000000000     7.000000000     8.988230000     11.077139000    2.236822000     2.000000000     1.000000000     
364468.578976412 0.101636926     1.000000000     57.000000000    0.001353503     1.403157456     0.416719311     0.513266526     6.000000000     13.000000000    6.800525000     14.925679000    1.125200000     0.000000000     1.000000000     
364468.677412879 0.098436467     1.000000000     63.000000000    0.001181768     1.433959138     0.435579953     0.542603056     6.000000000     1.000000000     9.181508000     2.689033000     2.294852000     0.000000000     0.000000000     
364468.777238854 0.099825975     1.000000000     59.000000000    0.017157726     1.420116956     0.433739122     0.532562237     6.000000000     12.000000000    7.320756000     15.004928000    1.217828000     1.000000000     0.000000000     
364468.877293573 0.100054720     1.000000000     58.000000000    0.016234756     1.397914425     0.450153911     0.546072770     6.000000000     1.000000000     9.191887000     2.113626000     1.366551000     0.000000000     0.000000000     
364468.977249745 0.099956171     1.000000000     72.000000000    0.014445166     1.385024944     0.450035885     0.542373022     6.000000000     1.000000000     8.813042000     2.405083000     1.526934000     1.000000000     0.000000000     
364469.077416139 0.100166395     1.000000000     65.000000000    0.001465162     1.473092389     0.459611748     0.556025968     6.000000000     13.000000000    8.354297000     19.808118000    2.255662000     1.000000000     1.000000000     
364469.177555845 0.100139706     1.000000000     67.000000000    0.022695729     1.404039156     0.474707732     0.566858552     6.000000000     13.000000000    7.041815000     15.894246000    1.129637000     2.000000000     1.000000000     
364469.277308206 0.099752361     1.000000000     66.000000000    0.008448589     1.427979841     0.444658905     0.542493848     6.000000000     13.000000000    12.123757000    30.587897000    1.637347000     1.000000000     1.000000000     
364469.377460222 0.100152016     1.000000000     72.000000000    0.006151923     1.433277219     0.426447466     0.527976613     6.000000000     12.000000000    11.881057000    23.725806000    1.813318000     0.000000000     1.000000000     
364469.477384927 0.099924705     1.000000000     65.000000000    0.003963087     1.306778652     0.418137267     0.510319991     6.000000000     11.000000000    13.265564000    21.069181000    1.449615000     0.000000000     1.000000000     
364469.577472705 0.100087778     1.000000000     60.000000000    0.004357072     1.310702253     0.408095170     0.512754827     6.000000000     1.000000000     12.073068000    3.833934000     2.764922000     2.000000000     1.000000000     
364469.677388681 0.099915976     1.000000000     56.000000000    0.000136479     1.283648905     0.399835701     0.511833602     6.000000000     6.000000000     11.169308000    11.655093000    2.361000000     0.000000000     0.000000000     
364469.777385121 0.099996441     1.000000000     55.000000000    0.001296548     1.354303548     0.358888468     0.457941280     6.000000000     1.000000000     10.202969000    3.311701000     2.733711000     1.000000000     0.000000000     
364469.877435030 0.100049909     1.000000000     51.000000000    0.002954103     1.476477806     0.367592660     0.456254100     6.000000000     1.000000000     9.862607000     3.047795000     2.366458000     0.000000000     0.000000000     
364469.977412646 0.099977616     1.000000000     65.000000000    0.001221085     1.479675136     0.383948935     0.488769629     6.000000000     1.000000000     13.804501000    3.632470000     2.382610000     0.000000000     0.000000000     
364470.077272345 0.099859699     1.000000000     59.000000000    0.004177482     1.485573220     0.383502742     0.504818929     6.000000000     13.000000000    12.038806000    24.093066000    2.982319000     2.000000000     2.000000000     
364470.177267347 0.099995002     1.000000000     56.000000000    0.001649079     1.483936462     0.355316077     0.464770711     6.000000000     13.000000000    8.809422000     20.691186000    2.227970000     3.000000000     1.000000000     
364470.277273704 0.100006357     1.000000000     51.000000000    0.003748603     1.486029844     0.367774873     0.467048119     6.000000000     6.000000000     11.586430000    14.829208000    1.486750000     1.000000000     2.000000000     
364470.377542893 0.100269189     1.000000000     57.000000000    0.000976115     1.499645900     0.359164738     0.452887221     6.000000000     12.000000000    10.366758000    25.816258000    2.356412000     2.000000000     0.000000000     
364470.477419418 0.099876526     1.000000000     56.000000000    0.009085068     1.493996439     0.388449138     0.473775240     6.000000000     1.000000000     17.089034000    2.325499000     1.812653000     0.000000000     0.000000000     
364470.577660633 0.100241214     1.000000000     47.000000000    0.007877851     1.486507387     0.400440784     0.506107835     6.000000000     13.000000000    10.652487000    19.705575000    2.159750000     0.000000000     1.000000000     
364470.677288834 0.099628201     1.000000000     47.000000000    0.004686237     1.482951156     0.400259464     0.493120954     6.000000000     7.000000000     9.376734000     12.588942000    2.245604000     3.000000000     3.000000000     
364470.777349397 0.100060563     1.000000000     32.000000000    0.004089014     1.477184217     0.399062632     0.502647436     6.000000000     13.000000000    9.404752000     22.799529000    2.412737000     2.000000000     2.000000000     
364470.877495575 0.100146178     1.000000000     43.000000000    0.010214195     1.456359119     0.372345921     0.471066926     6.000000000     7.000000000     10.318228000    14.389950000    3.026729000     0.000000000     0.000000000     
364470.977480074 0.099984498     1.000000000     37.000000000    0.021005872     1.456150797     0.394531483     0.479944702     6.000000000     7.000000000     10.937591000    12.222131000    2.330102000     0.000000000     2.000000000     
364471.077475836 0.099995763     1.000000000     52.000000000    0.007369932     1.468830082     0.384936520     0.475766849     6.000000000     1.000000000     15.777427000    3.039331000     2.796383000     0.000000000     0.000000000     
364471.177397525 0.099921688     1.000000000     45.000000000    0.017413374     1.487354037     0.376541546     0.465082086     6.000000000     14.000000000    7.545839000     20.360210000    2.200655000     4.000000000     1.000000000     
364471.277384484 0.099986959     1.000000000     41.000000000    0.013763684     1.429806943     0.376839764     0.466645254     6.000000000     13.000000000    8.467814000     23.114384000    2.102730000     0.000000000     2.000000000     
364471.377418172 0.100033688     1.000000000     44.000000000    0.018520248     1.378443391     0.371020510     0.457640317     6.000000000     6.000000000     8.222230000     13.795388000    1.865303000     2.000000000     2.000000000     
364471.477365396 0.099947224     1.000000000     48.000000000    0.009267111     1.376969620     0.367683978     0.459524938     6.000000000     13.000000000    11.265829000    24.010294000    1.379893000     0.000000000     1.000000000     
364471.577279999 0.099914604     1.000000000     42.000000000    0.015177641     1.395591999     0.369494396     0.462779048     6.000000000     1.000000000     7.646621000     2.972635000     1.710110000     0.000000000     0.000000000     
364471.677411547 0.100131548     1.000000000     51.000000000    0.000643769     1.385173616     0.341830575     0.448120652     6.000000000     13.000000000    8.926266000     20.285449000    1.991041000     0.000000000     1.000000000     
364471.977653601 0.300242053     3.000000000     54.000000000    0.005897162     1.383946015     0.337202256     0.415935770     6.000000000     14.000000000    13.104494000    25.472013000    2.500531000     7.000000000     3.000000000     
364472.178020298 0.200366697     2.000000000     60.000000000    0.002569011     1.380100180     0.357016260     0.442957443     6.000000000     14.000000000    14.618635000    27.484317000    3.149309000     4.000000000     3.000000000     
364472.477300645 0.299280347     3.000000000     51.000000000    0.009102888     1.382311181     0.367851632     0.458092738     6.000000000     14.000000000    11.040832000    28.961879000    1.850430000     2.000000000     2.000000000     
364472.677313318 0.200012673     2.000000000     54.000000000    0.010518965     1.402128320     0.368947050     0.477749827     6.000000000     14.000000000    10.500760000    24.194161000    2.986156000     4.000000000     3.000000000     
364472.877220903 0.199907586     2.000000000     53.000000000    0.005110989     1.470152422     0.394184907     0.506227852     6.000000000     13.000000000    8.177840000     18.182681000    1.499301000     4.000000000     3.000000000     
364473.077189476 0.199968573     2.000000000     51.000000000    0.007127572     1.432843344     0.421625983     0.541564775     6.000000000     6.000000000     8.198355000     7.265130000     1.465923000     8.000000000     5.000000000     
364473.277120869 0.199931393     2.000000000     52.000000000    0.006586940     1.466808405     0.388845686     0.515107102     6.000000000     14.000000000    9.435810000     21.047612000    2.518957000     3.000000000     1.000000000     
364473.477168968 0.200048099     2.000000000     52.000000000    0.002094682     1.382719240     0.390923304     0.503202466     6.000000000     14.000000000    14.456019000    23.460903000    1.409895000     5.000000000     2.000000000     
364473.677154081 0.199985113     2.000000000     58.000000000    0.005317206     1.415426244     0.370934918     0.492364646     6.000000000     13.000000000    9.185829000     22.143129000    2.383722000     0.000000000     2.000000000     
364473.877294552 0.200140471     2.000000000     62.000000000    0.000527382     1.449966270     0.386678832     0.498492919     6.000000000     13.000000000    9.087873000     25.948521000    1.403542000     8.000000000     8.000000000     
364474.077268480 0.199973928     2.000000000     57.000000000    0.005111411     1.394972386     0.405373950     0.523277593     6.000000000     13.000000000    9.031540000     26.608469000    3.035549000     9.000000000     4.000000000     
364474.377384258 0.300115778     3.000000000     50.000000000    0.007628990     1.389096608     0.416037271     0.532351052     6.000000000     14.000000000    11.771399000    22.838974000    2.280690000     4.000000000     3.000000000     
364474.577386126 0.200001867     2.000000000     51.000000000    0.005976135     1.388452515     0.435128420     0.561628898     6.000000000     13.000000000    8.366412000     20.390530000    1.472484000     2.000000000     3.000000000     
364474.777322002 0.199935876     2.000000000     56.000000000    0.005276000     1.454796748     0.397652570     0.524923979     6.000000000     13.000000000    7.884060000     17.513996000    1.385909000     8.000000000     5.000000000     
364474.977275022 0.199953020     2.000000000     39.000000000    0.004177268     1.136975453     0.376583472     0.484215945     6.000000000     13.000000000    9.004485000     19.472646000    1.478652000     11.000000000    5.000000000     
364475.177308186 0.200033165     2.000000000     32.000000000    0.001873425     1.304343275     0.394746318     0.512358734     6.000000000     15.000000000    6.674663000     16.419672000    1.389491000     2.000000000     2.000000000     
364475.377163169 0.199854982     2.000000000     38.000000000    0.002511289     1.296207616     0.405186915     0.531794309     6.000000000     13.000000000    6.183801000     14.269525000    2.734766000     4.000000000     2.000000000     
364475.577174139 0.200010970     2.000000000     40.000000000    0.003846125     1.307213008     0.405459795     0.539607362     6.000000000     13.000000000    8.716503000     18.839316000    1.690831000     10.000000000    6.000000000     
