364456.574106455 0.200070143     29.821984794    0.526674438     0.018500858     82.000000000    14.435019000    
364456.774084330 0.199977875     25.549139915    0.563311781     0.025866447     90.000000000    17.974759000    
364456.974213600 0.200129271     23.499565421    0.597772106     0.013779334     98.000000000    14.765696000    
364457.174117804 0.199904203     22.508636477    0.626775664     0.028133994     109.000000000   20.252131000    
364457.374026060 0.199908257     20.520852844    0.634892615     0.019745274     105.000000000   15.334831000    
364457.573940277 0.199914217     20.288327991    0.663537507     0.049252288     106.000000000   14.457332000    
364457.776454210 0.202513933     20.047991666    0.703115105     0.043462122     99.000000000    16.545210000    
364457.973961830 0.197507620     22.020796223    0.713887627     0.039581183     97.000000000    21.184280000    
364458.174047947 0.200086117     23.303663632    0.742694331     0.058629921     92.000000000    14.261050000    
364458.275799530 0.101751583     21.393029896    0.441750691     1.168112200     47.000000000    19.814583000    
364458.476284619 0.200485089     20.992487743    0.784221320     0.031471116     68.000000000    32.018010000    
364458.576066881 0.099782262     15.576513143    0.415980144     0.045732339     80.000000000    14.781578000    
364458.676165399 0.100098518     15.046141248    0.421551911     0.008460021     87.000000000    19.897944000    
364458.776368313 0.100202914     15.933520764    0.430516456     0.040183125     95.000000000    23.048337000    
364458.876464705 0.100096392     15.334312225    0.440408188     0.009644967     95.000000000    17.873418000    
364458.976423813 0.099959108     15.195494266    0.447511098     0.007340622     101.000000000   18.669921000    
364459.076497368 0.100073555     15.439572176    0.454517927     0.053235702     100.000000000   33.734408000    
364459.176567645 0.100070277     15.108053773    0.457436269     0.060217207     103.000000000   27.720198000    
364459.376354504 0.199786859     23.267972254    0.878944477     0.061411033     88.000000000    16.847883000    
364459.578183845 0.201829341     25.748410200    0.915321901     0.030279560     88.000000000    16.232217000    
364459.776944025 0.198760179     27.742659418    0.885770519     0.012774790     60.000000000    12.763854000    
364459.976637710 0.199693686     20.705211516    0.957928067     0.124705953     65.000000000    10.538938000    
364460.076667188 0.100029478     17.158750260    0.507202025     0.003460040     87.000000000    12.718598000    
364460.176978737 0.100311549     19.121634220    0.508991307     0.010971150     95.000000000    12.327899000    
364460.276567647 0.099588910     17.434667573    0.510507425     0.048552803     88.000000000    13.657989000    
364460.376674193 0.100106546     17.508470738    0.518658116     0.023149825     93.000000000    13.934227000    
364460.476760154 0.100085961     15.059846439    0.521904576     0.011588300     94.000000000    16.285291000    
364460.576946339 0.100186184     15.769412728    0.527223923     0.044936915     108.000000000   15.224535000    
364460.676862886 0.099916547     15.576602347    0.533610165     0.015186149     104.000000000   17.411247000    
364460.777229129 0.100366243     17.208882686    0.541198045     0.008963369     109.000000000   15.317386000    
364460.876817929 0.099588800     17.658394218    0.492946792     0.018599836     107.000000000   14.449899000    
364460.976954481 0.100136553     18.762748453    0.547749743     0.011493858     80.000000000    10.026072000    
364461.077033740 0.100079259     16.376446320    0.556801242     0.044909698     80.000000000    9.851933000     
364461.176902726 0.099868986     18.779681288    0.560368707     0.017904786     89.000000000    15.004650000    
364461.276754786 0.099852060     18.314376949    0.563421017     0.019765083     96.000000000    9.593904000     
364461.376900811 0.100146025     17.638993708    0.568002615     0.031085534     94.000000000    13.135645000    
364461.476837480 0.099936669     18.459316167    0.571886508     0.007654155     93.000000000    14.671127000    
364461.576797255 0.099959775     18.825363558    0.577591709     0.028305732     87.000000000    14.505793000    
364461.676780024 0.099982769     21.801474569    0.581336911     0.036023661     94.000000000    14.927493000    
364461.776760004 0.099979980     18.679900991    0.585562092     0.029141077     98.000000000    14.854658000    
364461.876805657 0.100045653     19.796404775    0.590612907     0.016622335     106.000000000   11.468504000    
364461.977076170 0.100270513     18.982424334    0.596320687     0.037349505     91.000000000    12.094789000    
364462.077146915 0.100070746     20.960043065    0.599687186     0.036086968     84.000000000    9.993085000     
364462.177089224 0.099942309     17.100169610    0.605772207     0.013506871     88.000000000    13.585639000    
364462.277040132 0.099950908     21.332308569    0.610513660     0.011644248     92.000000000    9.604515000     
364462.376936566 0.099896434     20.534329745    0.617249149     0.022709871     81.000000000    13.244315000    
364462.477020221 0.100083656     19.606077998    0.623754276     0.013378217     81.000000000    9.668605000     
364462.576909246 0.099889025     19.036791473    0.627948301     0.017331941     81.000000000    12.357942000    
364462.676929543 0.100020296     18.768329184    0.625605224     0.022370262     83.000000000    10.522387000    
364462.776908809 0.099979267     17.347470780    0.628811449     0.017912596     82.000000000    15.690797000    
364462.876931916 0.100023107     16.906295240    0.632169362     0.024192637     82.000000000    10.719567000    
364462.976739070 0.099807154     15.943547909    0.639300652     0.051341233     84.000000000    12.961832000    
364463.076723315 0.099984245     16.294954027    0.644353779     0.004837836     89.000000000    19.390496000    
364463.179005983 0.102282668     17.601536348    0.668029948     0.039271067     83.000000000    17.433742000    
364463.376908060 0.197902077     26.760235648    1.197931013     0.023673327     71.000000000    46.562180000    
364463.476951595 0.100043535     18.614000465    0.602617180     0.031343593     92.000000000    15.524420000    
364463.577583345 0.100631751     20.142395972    0.668576405     0.038514705     78.000000000    14.200088000    
364463.677530745 0.099947400     19.369409229    0.610849597     0.022868454     90.000000000    11.071660000    
364463.777067883 0.099537138     21.825269723    0.612238224     0.027801388     94.000000000    40.367601000    
364463.877155764 0.100087881     21.541040591    0.617373148     0.045193571     106.000000000   42.484832000    
364463.977069039 0.099913275     19.210028784    0.679854539     0.055382278     89.000000000    39.855652000    
364464.076947589 0.099878550     17.982534697    0.621993071     0.010458849     88.000000000    31.166395000    
364464.177060391 0.100112802     18.704699548    0.571761928     0.015744100     84.000000000    13.007705000    
364464.277040497 0.099980106     19.688580097    0.628278289     0.011703353     92.000000000    11.183302000    
364464.377042752 0.100002255     18.642236574    0.628715310     0.009042248     75.000000000    10.848108000    
364464.477006961 0.099964209     15.958516562    0.627886452     0.026202467     67.000000000    14.681683000    
364464.577140601 0.100133641     18.721355428    0.696194345     0.079513129     74.000000000    19.219983000    
364464.677047525 0.099906924     21.417137760    0.637493173     0.153809372     73.000000000    11.057390000    
364464.777081978 0.100034452     23.416298307    0.709809654     0.158059555     80.000000000    10.160644000    
364464.877056472 0.099974495     24.040039665    0.650512850     0.089157964     80.000000000    11.752682000    
364464.978071165 0.101014693     20.197274547    0.658914803     0.110852081     77.000000000    9.192866000     
364465.077164544 0.099093379     22.241185440    0.651607041     0.123137827     76.000000000    11.139302000    
364465.177150373 0.099985829     21.677579383    0.653249217     0.126381407     80.000000000    11.096608000    
364465.277189031 0.100038657     22.329121279    0.657229469     0.146826652     90.000000000    38.104294000    
364465.377234336 0.100045305     21.041585223    0.662781504     0.107746068     89.000000000    18.489576000    
364465.477261058 0.100026722     19.546723349    0.669933140     0.078026603     75.000000000    14.720853000    
364465.577456589 0.100195531     17.280300798    0.674451339     0.136559750     68.000000000    13.473583000    
364465.677248281 0.099791692     17.146604056    0.677290726     0.120385948     57.000000000    43.045930000    
364465.777295224 0.100046943     17.475312516    0.680272144     0.088346502     65.000000000    11.110573000    
364465.877243457 0.099948234     15.780487458    0.681930006     0.082956363     73.000000000    12.312641000    
364465.977223075 0.099979618     15.931596535    0.684904755     0.085978086     88.000000000    11.136001000    
364466.077213733 0.099990658     16.463103262    0.690368989     0.039510758     84.000000000    15.017506000    
364466.177336681 0.100122948     15.337872539    0.699123950     0.050789622     73.000000000    9.939310000     
364466.277184034 0.099847353     17.256291995    0.708001823     0.036429575     72.000000000    12.225740000    
364466.377247825 0.100063791     18.885855433    0.715521286     0.010404904     74.000000000    12.447137000    
364466.477217073 0.099969248     17.346685819    0.718928915     0.000158687     75.000000000    14.521004000    
364466.577148288 0.099931214     17.419090427    0.718839974     0.004829418     79.000000000    10.087263000    
364466.677042598 0.099894310     16.421823522    0.718783371     0.020743812     86.000000000    13.556764000    
364466.778364923 0.101322325     19.200343967    0.731592190     0.010629528     80.000000000    12.329967000    
364466.877163597 0.098798674     22.523009370    0.728228369     0.016481352     91.000000000    15.351768000    
364466.977212295 0.100048697     21.921683446    0.733275614     0.018933611     87.000000000    10.408742000    
364467.077404519 0.100192224     21.723518854    0.736972255     0.028502684     82.000000000    11.487919000    
364467.177244377 0.099839858     21.071341933    0.737954141     0.046054001     74.000000000    12.518392000    
364467.277192413 0.099948036     21.916078440    0.737789098     0.016077674     65.000000000    12.437969000    
364467.377331527 0.100139114     21.307066299    0.740231682     0.034419638     73.000000000    26.706698000    
364467.477290805 0.099959278     24.600203481    0.740689222     0.041495345     77.000000000    13.999518000    
364467.577399084 0.100108279     21.619555670    0.742289535     0.027296434     69.000000000    13.738062000    
364467.677199497 0.099800413     22.453836711    0.742445221     0.023543803     56.000000000    11.944846000    
364467.777341026 0.100141529     23.852224148    0.744205695     0.035151898     65.000000000    10.259242000    
364467.877301082 0.099960056     21.576949617    0.745225396     0.039581234     62.000000000    13.717873000    
364467.977280336 0.099979254     22.375965138    0.746089938     0.036102964     62.000000000    14.980435000    
364468.077306430 0.100026094     22.740632416    0.747111796     0.028739796     69.000000000    12.281570000    
364468.177254345 0.099947915     22.648194594    0.746623575     0.033632570     72.000000000    17.759479000    
364468.277471698 0.100217353     20.360718200    0.749197481     0.011663293     61.000000000    18.535386000    
364468.377462368 0.099990670     22.223159868    0.750066275     0.002466708     65.000000000    19.488067000    
364468.477339486 0.099877119     23.358239126    0.751270541     0.026950705     68.000000000    17.200226000    
364468.578976412 0.101636926     18.664787079    0.765601720     0.013996573     57.000000000    12.422308000    
364468.677412879 0.098436467     20.819757558    0.755527413     0.007863932     63.000000000    13.094384000    
364468.777238854 0.099825975     23.742465754    0.754917831     0.005574182     59.000000000    11.666954000    
364468.877293573 0.100054720     17.435024293    0.755478061     0.031596338     58.000000000    12.016155000    
364468.977249745 0.099956171     22.404307254    0.755319661     0.022852520     72.000000000    13.981969000    
364469.077416139 0.100166395     19.344638141    0.756044311     0.012795179     65.000000000    10.161716000    
364469.177555845 0.100139706     22.843623449    0.757906924     0.042002881     67.000000000    13.377989000    
364469.277308206 0.099752361     19.024684761    0.756415093     0.003939291     66.000000000    23.233860000    
364469.377460222 0.100152016     23.839201842    0.758243746     0.000798484     72.000000000    17.789916000    
364469.477384927 0.099924705     21.905920124    0.759089965     0.014376000     65.000000000    21.292848000    
364469.577472705 0.100087778     21.347766352    0.761392955     0.012006297     60.000000000    17.628333000    
364469.677388681 0.099915976     18.187128757    0.763225867     0.006637141     56.000000000    23.582244000    
364469.777385121 0.099996441     21.346382584    0.765880677     0.005631967     55.000000000    23.284744000    
364469.877435030 0.100049909     24.713825639    0.770446965     0.012211982     51.000000000    16.898363000    
364469.977412646 0.099977616     27.006218358    0.772195683     0.006868244     65.000000000    17.803152000    
364470.077272345 0.099859699     20.302855983    0.768326568     0.006182439     59.000000000    16.593625000    
364470.177267347 0.099995002     22.202186968    0.764058376     0.034695488     56.000000000    23.403079000    
364470.277273704 0.100006357     22.379083732    0.761322901     0.024601314     51.000000000    24.672381000    
364470.377542893 0.100269189     23.301889688    0.764781032     0.022125162     57.000000000    23.668471000    
364470.477419418 0.099876526     26.008098642    0.770560524     0.055878548     56.000000000    28.179582000    
364470.577660633 0.100241214     22.695861740    0.779348818     0.059200136     47.000000000    14.483913000    
364470.677288834 0.099628201     27.685424827    0.780165940     0.058122581     47.000000000    14.122116000    
364470.777349397 0.100060563     23.802259587    0.780414874     0.077109052     32.000000000    18.987396000    
364470.877495575 0.100146178     26.189398152    0.781183969     0.085105772     43.000000000    26.854149000    
364470.977480074 0.099984498     17.256462858    0.781212183     0.059337478     37.000000000    23.635237000    
364471.077475836 0.099995763     18.366291756    0.780198085     0.094623253     52.000000000    24.448139000    
364471.177397525 0.099921688     19.667709294    0.780863370     0.122981233     45.000000000    18.636710000    
364471.277384484 0.099986959     25.427747594    0.779000773     0.100934230     41.000000000    22.977544000    
364471.377418172 0.100033688     19.407319312    0.781100812     0.103430409     44.000000000    27.883221000    
364471.477365396 0.099947224     19.245428962    0.781360296     0.104107067     48.000000000    22.446284000    
364471.577279999 0.099914604     23.369235638    0.782148613     0.081820109     42.000000000    16.744605000    
364471.677411547 0.100131548     18.144938229    0.784165788     0.106589098     51.000000000    13.860453000    
364471.977653601 0.300242053     18.402215391    2.360963157     0.290406898     54.000000000    27.571094000    
364472.178020298 0.200366697     17.292114448    1.575837618     0.230642257     60.000000000    23.821597000    
364472.477300645 0.299280347     16.728978685    2.359006878     0.330665624     51.000000000    20.299234000    
364472.677313318 0.200012673     20.017457094    1.588708630     0.242795320     54.000000000    21.934684000    
364472.877220903 0.199907586     19.764843673    1.590942899     0.208605408     53.000000000    18.774921000    
364473.077189476 0.199968573     16.169835346    1.590247203     0.241813634     51.000000000    20.112933000    
364473.277120869 0.199931393     22.386477167    1.595601659     0.216622474     52.000000000    17.771052000    
364473.477168968 0.200048099     19.303775014    1.601599888     0.244249176     52.000000000    22.000003000    
364473.677154081 0.199985113     23.376450026    1.606500198     0.244467628     58.000000000    14.593395000    
364473.877294552 0.200140471     19.344472589    1.616766320     0.242182040     62.000000000    16.635046000    
364474.077268480 0.199973928     16.979298990    1.621877659     0.231291730     57.000000000    19.300482000    
364474.377384258 0.300115778     17.915969359    2.441595669     0.370018378     50.000000000    17.928455000    
364474.577386126 0.200001867     17.223783687    1.635150087     0.256892868     51.000000000    17.934316000    
364474.777322002 0.199935876     18.861152396    1.640958814     0.220600752     56.000000000    12.701260000    
364474.977275022 0.199953020     16.014290711    1.646664442     0.249994434     39.000000000    10.802587000    
364475.177308186 0.200033165     17.307034306    1.653518123     0.214022772     32.000000000    10.268841000    
364475.377163169 0.199854982     17.981317585    1.655542075     0.185575689     38.000000000    13.686164000    
364475.577174139 0.200010970     23.245583117    1.661807580     0.195542262     40.000000000    10.914959000    
