364456.374036312 1.712390000     -0.247401000    0.115890000     89.121994875    -0.013199960    90.389902006    0.000000000     
364456.574106455 1.712390000     -0.247401000    0.115890000     89.121994875    -0.013199960    90.389902006    0.000000000     
364456.774084330 1.712390000     -0.247401000    0.115890000     89.121994875    -0.013199960    90.389902006    0.000000000     
364456.974213600 1.712390000     -0.247401000    0.115890000     89.121994875    -0.013199960    90.389902006    0.000000000     
364457.174117804 1.712390000     -0.247401000    0.115890000     89.121994875    -0.013199960    90.389902006    0.000000000     
364457.374026060 1.712390000     -0.247401000    0.115890000     89.121994875    -0.013199960    90.389902006    0.000000000     
364457.573940277 1.712390000     -0.247401000    0.115890000     89.121994875    -0.013199960    90.389902006    0.000000000     
364457.776454210 1.712390000     -0.247401000    0.115890000     89.121994875    -0.013199960    90.389902006    0.000000000     
364457.973961830 1.712390000     -0.247401000    0.115890000     89.121994875    -0.013199960    90.389902006    0.000000000     
364458.174047947 1.798344994     0.002254935     0.016495426     89.767445926    -3.999553247    88.825457681    0.001791549     
364458.374138355 1.734112891     0.000806193     0.004912220     89.573782020    -4.440373282    88.798269496    0.002110358     
364458.475938630 1.763649623     -0.123476886    -0.036493662    89.429775763    -5.174983643    89.368421287    0.002078662     
364458.575989838 1.793930816     -0.146334550    -0.059676667    89.349781607    -5.267126881    89.557211456    0.002055071     
364458.776199244 1.741843902     -0.211600960    0.007082781     89.370101301    -5.141206803    89.690897110    0.002166788     
364458.876141690 1.751530678     -0.278190046    0.056772605     89.372980049    -5.063425158    89.788761077    0.002319669     
364458.976243059 1.466040356     -0.195846738    0.110058899     89.445321939    -3.734525320    89.918721031    0.002188968     
364459.076430653 1.421450545     -0.193816426    0.078028250     89.814117111    -2.792401793    89.952136448    0.002257298     
364459.176401185 1.425284783     -0.168868735    0.073667611     89.886038783    -2.566502776    89.826496628    0.002229312     
364459.376328805 1.440905273     -0.165538719    0.087419697     89.838077393    -2.439900564    89.806159133    0.002052599     
364459.577652508 1.423333491     -0.198063161    0.079097679     89.780527622    -2.395516621    89.665655440    0.002261044     
364459.676136070 1.382694180     -0.247620030    0.112981756     89.739826819    -2.104970868    89.550509629    0.001793977     
364459.776032802 1.340709951     -0.266091568    0.126746321     89.695026069    -1.957782235    89.404889130    0.001783323     
364459.975861263 1.340040211     -0.290054004    0.128129519     89.582849561    -1.727286790    89.559832581    0.001813760     
364460.075828185 1.283493846     -0.295432060    0.128697449     89.570541642    -1.910266131    89.493519114    0.002008698     
364460.176252148 1.309936225     -0.287126378    0.172775942     89.693531028    -1.648457002    89.494386542    0.001976670     
364460.276064814 1.427418712     -0.247569046    0.203460171     89.722216179    -1.474148787    89.409812495    0.002139054     
364460.376153410 1.453018211     -0.260323831    0.198653704     89.711243250    -1.307187028    89.406357259    0.002178780     
364460.476268164 1.449001754     -0.270898162    0.215478225     89.773209212    -1.407112271    89.549317912    0.002181229     
364460.576339659 1.451778241     -0.288780994    0.218382019     89.770514159    -1.584532516    89.661148615    0.002123396     
364460.676166813 1.458783239     -0.315439371    0.210547890     89.746974413    -1.635773693    89.607191274    0.002035956     
364460.776452402 1.464022117     -0.319524236    0.204312630     89.737846797    -1.566964127    89.523837803    0.002059717     
364460.875942330 1.444121001     -0.319593787    0.200041804     89.742209388    -1.545941364    89.433034036    0.001971973     
364461.076212186 1.446193115     -0.337000822    0.193794760     89.740306048    -1.568015356    89.417035706    0.002013591     
364461.176018861 1.502843470     -0.329354172    0.174786905     89.580012606    -1.393554388    89.350485203    0.001864096     
364461.275824687 1.525814220     -0.333398076    0.171378197     89.583516506    -1.230401657    89.349415476    0.001828535     
364461.376005789 1.557114085     -0.329821740    0.167254489     89.578349840    -1.133429168    89.331402783    0.001806679     
364461.475902501 1.568445065     -0.322934802    0.168338143     89.577772842    -0.977542807    89.215126720    0.001804542     
364461.575872612 1.561423916     -0.319461824    0.170647217     89.577709858    -0.875893871    89.201847795    0.001812160     
364461.675901603 1.567969004     -0.302447214    0.173937183     89.579314599    -0.776827585    89.096329758    0.001847793     
364461.775904705 1.590462865     -0.299157483    0.172755352     89.579746032    -0.740487393    89.089189325    0.001838647     
364461.875927650 1.600457363     -0.298204859    0.169001692     89.580975807    -0.734970613    89.081754899    0.001885599     
364461.976151668 1.596004428     -0.299081427    0.167410669     89.578269599    -0.736243994    89.082993922    0.001957395     
364462.076323249 1.618431515     -0.305787068    0.175091674     89.608655975    -0.610432816    89.093561855    0.001952494     
364462.176205958 1.632837131     -0.305026686    0.169395175     89.531433655    -0.514126770    89.080806333    0.001966644     
364462.276178528 1.641830342     -0.304764611    0.169821884     89.532807323    -0.531578218    89.082137780    0.002003827     
364462.376099267 1.641086356     -0.308781469    0.173304853     89.542825979    -0.566069105    89.122389327    0.001995189     
364462.476180894 1.642255932     -0.318658923    0.170966806     89.543574630    -0.532115481    89.185142472    0.001979574     
364462.576068863 1.637993588     -0.300032730    0.158427702     89.489852339    -0.654502633    89.089083659    0.001943681     
364462.676059339 1.647080977     -0.302385187    0.156723566     89.473035542    -0.725435202    89.104519633    0.001925486     
364462.776065129 1.640704667     -0.300160037    0.160223088     89.473291827    -0.821970146    89.123655384    0.001925830     
364462.876094597 1.640701941     -0.306750072    0.153456789     89.433610228    -0.744336318    89.156033696    0.001969593     
364462.975906734 1.626589907     -0.310459324    0.154780022     89.438196476    -0.651561277    89.180223131    0.001974975     
364463.075926797 1.609919609     -0.315561745    0.151910277     89.438323778    -0.599101400    89.217144227    0.001987017     
364463.178178824 1.615638139     -0.314428087    0.140229390     89.337223167    -0.525929386    89.199779413    0.002006632     
