73.986427086    -8.498501572    0.236344397     
83.822617509    -13.022756124   -5.403909086    
22.363733836    1.860554288     2.296679420     
31.213060988    -4.764624301    1.820112912     
74.029944117    -28.111390545   -5.529811367    
72.690760280    -31.629327143   -6.622806174    
23.999154217    2.057213221     -1.032498564    
62.670301844    -23.467051291   -11.401507285   
56.638835703    -15.609092976   -6.240805082    
80.257821861    -37.112360722   -8.863075811    
34.190708631    10.904584737    1.172295785     
22.483674571    3.144339684     -0.392703190    
27.187943334    5.288187826     -0.098836693    
39.439541042    -12.478170582   0.943686143     
75.575893891    -47.393213135   -3.947091304    
56.339151776    -28.458836523   -0.477769527    
64.685113364    -28.861906558   -0.334203478    
28.813451396    5.863620871     -1.314699678    
23.808735797    3.107844017     -1.890976615    
63.981607551    -27.915138246   -10.347850679   
80.444197056    -13.347415180   -0.226545167    
13.208732397    0.598100754     2.050526754     
13.962250476    -0.131900562    1.983421315     
13.804323463    -0.855281249    1.926283368     
14.095499424    -1.521993030    1.872764606     
21.210493890    5.807964846     -0.218462392    
22.679528419    8.023242189     -0.135599449    
21.818330568    8.488831137     1.606588332     
15.852231112    3.548656958     0.838414579     
18.100357036    2.386745003     2.232359703     
17.386106366    2.699214559     1.470899033     
15.563280952    -0.198502711    1.974711717     
18.611947470    -1.668046230    1.934474306     
31.786909847    -11.863460111   1.211566993     
21.438161705    -4.770608664    1.626447285     
52.670218079    -29.724741578   -5.064051972    
51.840452548    -28.903795545   -0.727584501    
23.428261017    7.186178087     -1.492186319    
24.788713033    8.821469143     -0.845560278    
16.205287793    3.363659651     -1.111085202    
14.233853225    1.671619138     -1.688766025    
18.495777111    1.496066786     -2.654517849    
11.146265759    -1.725231818    1.835763048     
14.265051607    -6.478172287    1.389073290     
10.598147807    -3.242091700    1.696508963     
9.116408795     -2.643681816    1.754115978     
10.071568237    -3.384976723    1.679798249     
9.590353350     -2.551705997    1.750495517     
14.438328552    -4.895908590    1.600789489     
12.709807279    -4.813674830    1.578897779     
27.040925100    2.391919864     -0.513876090    
15.730642542    7.374373697     0.269883709     
70.151205857    -14.769904797   -0.119508043    
31.138303656    3.640330268     1.361091116     
16.130328315    8.655849332     0.420326171     
91.487660418    -39.877378380   -1.845306845    
19.548643604    9.433997678     1.714387145     
64.731210816    -16.426585311   -3.584339191    
9.682320061     3.606208940     1.335679475     
62.776674101    -16.887277121   0.325443878     
14.412983395    8.216088061     2.262674577     
59.659071875    -11.997235285   -4.142285119    
16.739585609    8.686093728     1.784697379     
36.866542077    0.836585713     -5.368100634    
10.863123087    3.087259442     1.353242983     
55.540966988    -11.920878290   -4.982189063    
12.891191265    2.901021216     1.903766151     
16.974916774    5.188860077     -1.750491266    
19.557723388    7.723554958     -0.359668516    
15.777489062    7.370364414     -0.192519745    
19.979170074    -7.849723747    1.333066966     
16.771137141    -8.246162320    1.317118992     
15.987892786    -6.515121394    1.425380876     
17.999715433    -4.612785239    1.620205080     
14.039650786    2.724708709     1.849175309     
11.208172413    2.743685386     1.440965673     
11.196763938    2.745112010     1.033153281     
10.102898262    3.008418329     1.516308782     
9.144138732     2.693471359     0.977466956     
9.395953794     -1.980492706    1.792018016     
9.766885605     -1.336079180    1.878744508     
9.928266593     -1.754575780    1.816852589     
9.464074293     -2.380218061    1.773906139     
11.428230249    -2.954888136    1.713149941     
14.405856622    -2.582622651    1.793054808     
10.919169612    -1.128709780    1.884872782     
11.105419162    -0.202648532    1.976240179     
11.124296619    0.274863169     1.983192962     
9.757448378     -0.275348857    1.953044260     
10.219766267    1.718343769     2.125417974     
34.833443316    1.378212858     -2.698536226    
12.247497582    2.175313451     2.200856407     
93.455054819    -29.827965531   -3.053643801    
11.042329849    1.026933969     2.080275091     
31.604347862    -1.468096494    2.202210925     
13.182678779    1.863125015     2.169669939     
9.246544708     1.225599782     2.060618451     
9.501537469     0.799490505     2.041485247     
10.545799077    0.391855687     2.028423230     
9.249192934     2.808658509     1.481088351     
10.259159409    2.392725220     2.196466627     
11.242969482    2.371494072     2.196078356     
11.296015549    2.744092312     1.838729103     
9.163859322     2.393970151     2.018915341     
9.095561296     2.652297478     1.801776844     
10.450728202    3.005582538     1.907175557     
9.433642671     3.186893782     1.584420189     
8.512539160     3.233047929     1.527146496     
9.247250338     3.059064919     1.943096175     
8.700408195     3.019907732     1.872759930     
16.146381657    0.947952312     -2.641775476    
18.706847721    4.575538058     -2.273596387    
23.792644709    8.404352856     1.283398928     
13.398624360    1.324742161     2.146084742     
9.569747158     -1.007571983    1.880889530     
10.769913276    -0.670622420    1.936716736     
13.276507470    -2.781967061    1.760470744     
15.402317875    -4.791218894    1.635706006     
11.125805565    -2.297136899    1.776841964     
10.454985470    -2.860115502    1.724805635     
18.390955295    7.226368451     0.680745091     
16.799636665    -5.026533385    1.598028830     
16.678408900    8.769266977     -0.427930482    
9.271796570     3.141698183     -0.227460949    
16.531881710    7.123759604     -0.299072419    
9.453270143     2.551204099     -0.228185521    
16.634671052    5.811031128     -2.189470183    
12.621790791    -3.346557983    1.645664513     
12.289026421    -1.940388316    1.809150949     
15.401816005    2.734746377     1.553711936     
10.502134415    1.092535170     2.101978118     
9.901701416     -0.113651133    1.926281783     
15.527211423    7.563857901     1.002301226     
20.212475662    8.407660803     2.026852274     
22.211544074    7.856082109     -1.525160155    
35.818688677    7.490113703     1.900966827     
59.800325796    -28.586737061   -3.951316827    
10.682096028    1.419816986     2.099300332     
16.574477263    8.771899595     0.399271597     
15.686681722    3.128923471     -0.380609778    
15.597411965    2.372948557     2.072773837     
16.207068582    7.246761417     0.977994527     
11.665251389    1.444302633     2.154915182     
15.678656963    -2.589169861    1.754426080     
16.442932585    2.547223180     -1.342045289    
16.762754235    1.761129747     -1.649373128    
23.147527126    1.592418713     -2.295478250    
10.568596095    2.255875622     2.000577301     
10.230063642    2.391123131     1.987057376     
11.266345422    0.505588083     2.008262979     
32.159936555    -0.014358224    2.305418876     
12.085804375    -1.212631235    1.856434677     
11.574018179    -3.839466943    1.535131627     
22.666290780    1.115034842     -3.541507249    
24.853440368    -4.834803094    1.673037419     
12.345292336    -0.670831114    1.995675492     
13.904739299    -3.737110283    1.697742741     
19.879278878    8.335982675     -1.988793207    
13.226852398    1.985455205     -1.240935802    
11.940733718    2.223958690     2.140781588     
19.083548566    9.530119950     2.255159919     
20.294944737    9.556698612     2.020906562     
22.968359020    7.257076903     2.515132638     
19.077568740    8.007686948     -1.068523169    
13.868823915    3.323603437     1.853731964     
15.517333160    3.073931442     1.121344744     
12.065410923    -0.193864077    2.011974056     
15.403762484    2.934592553     0.347235288     
11.978952997    -2.689973676    1.778873926     
12.528871898    -1.734420684    1.866377343     
16.380474837    0.430410689     2.175827713     
23.934125368    3.276024530     0.941651183     
23.729157496    2.743464007     2.249901146     
12.275901820    0.431103611     2.154817246     
12.413985739    -3.742379298    1.721124679     
23.129535563    6.847366868     0.094518630     
11.374155305    2.373890237     1.384703351     
27.746238849    -11.718534916   1.093020858     
19.595120077    7.570457107     -0.911192577    
21.828025974    8.558435785     -1.445459032    
11.379695600    2.864080166     1.701202917     
13.706940145    2.198088871     2.395496460     
16.121844376    -1.137855082    2.041854948     
16.851931258    7.410204540     -0.938596452    
24.672272161    5.746553460     -0.495354980    
22.993704633    3.759110616     -1.749553558    
14.981808416    -1.635871462    2.059705383     
15.164408560    2.588046300     1.096705190     
12.325226634    2.263822094     2.174341566     
38.249210734    18.466168369    5.854266760     
13.533473135    0.043987939     2.163951084     
21.912004264    4.549013215     -1.406388659    
20.553460102    7.574951204     -0.745657940    
13.105027810    2.686608803     1.832276878     
12.157507840    -1.035864990    2.042593627     
14.077242402    1.682240054     2.305616370     
17.306657577    6.976547574     0.195171207     
19.842486957    7.256515936     0.710586487     
14.004248998    -3.460720570    1.853080568     
11.720689440    2.744662654     2.016946485     
15.734732427    4.995275518     2.765402747     
16.486231599    -3.784177171    1.870176234     
15.382005507    3.456376307     0.702772890     
17.263915863    3.664645312     -1.873574868    
23.909215380    0.914055037     2.153055204     
13.334182208    -0.687427461    2.026860826     
22.756383159    10.205598349    1.804891381     
13.499127186    3.351590685     1.808101768     
14.649726726    1.452343026     2.201301757     
13.074067260    0.795590326     2.110401755     
15.151895840    3.218412905     1.479895365     
21.790324371    -6.197178431    1.687912286     
28.706641898    6.970322574     0.297471031     
13.408739256    2.327586104     2.160467100     
19.744498465    -0.613971390    2.183585156     
17.118022864    7.120534966     0.667317708     
20.961299329    6.401215339     1.470884404     
30.462726046    -3.355004488    2.031741205     
33.003574791    4.195268902     -0.037413566    
16.402724673    5.241792762     3.120079479     
13.125049291    2.514596806     1.417717215     
16.040620469    2.237559571     2.197468999     
17.359549647    -3.165520445    1.865955648     
15.237662534    3.057470101     0.151626140     
15.216983986    -2.103434321    1.928397598     
14.099325407    0.731609958     2.098333983     
22.480528375    2.253588494     -2.568486572    
22.191775319    0.982208425     -3.174955014    
17.764627845    -5.498118651    1.705790382     
21.116715593    8.106326194     -0.341135560    
22.253154099    0.712412865     -3.229697938    
16.771291035    2.818466776     1.784758614     
22.805183986    8.771568491     1.739678020     
86.744401606    -49.455334117   -4.669554833    
17.999290313    1.501693443     2.220148890     
14.168588048    -0.751994470    2.042734211     
16.771647024    -3.469882512    1.890215578     
28.391727611    -7.049008664    1.752949326     
20.644603078    2.918663790     -2.351931558    
16.342315723    -1.804826740    1.980305278     
35.803148913    9.815688484     1.912804544     
22.257082993    -7.699283598    1.691088262     
14.372361672    -0.019798314    2.089566382     
14.291448649    2.309636249     2.071196856     
13.039902052    2.470618169     1.059085938     
14.733390923    -1.167245439    2.103084729     
19.042427060    0.795994650     2.267646469     
14.715234983    3.262256671     -0.237525390    
16.947685846    2.463941080     2.070966960     
16.564025189    -0.734808387    2.042094484     
22.121631806    9.423602394     1.033424440     
26.422867906    8.886237262     1.059933463     
23.414062403    6.051772362     -1.764662027    
22.426273377    9.741872558     1.920120430     
16.115248163    2.927339980     1.870190833     
21.729593023    -2.554292223    2.050123013     
15.585059091    -0.025497113    2.089261400     
16.342335748    1.366598653     2.215917925     
26.590921389    8.446657507     -0.997009208    
14.855332017    1.073369860     2.174138673     
23.502934699    6.065362448     -0.478354637    
21.632098506    2.200159504     -0.834995571    
19.498323605    -2.989061767    2.039506077     
21.426746101    -2.651641606    2.099150349     
22.184144425    -3.262110631    2.042104563     
16.167291846    -2.403966778    2.018284543     
18.521006570    -5.172094194    1.839103905     
23.138991901    6.990597762     -2.219448794    
70.151205857    -14.769904797   -0.119508043    
25.811044462    7.320224262     -3.311126217    
76.401878303    -12.533632928   -4.025888538    
34.294134480    -1.708905091    2.396472271     
78.225366405    -21.148231028   0.534476370     
75.096507633    -14.512286243   -4.197678232    
93.199249203    -32.342071366   1.458297679     
33.528460101    2.530440842     2.340666747     
31.711134980    2.485796236     -0.660436276    
78.550074562    -30.383770773   -0.351889341    
80.068822416    -31.474548197   -5.134625196    
58.190834814    -15.549541836   -2.610843613    
81.728826294    -36.828112889   0.447871989     
55.136656646    -12.525466221   -4.281217224    
75.453938282    -31.029618761   -3.657830064    
30.292409408    1.508184977     -1.470378838    
30.010974107    0.589302112     -2.809392059    
55.184221425    -15.981410524   -5.190269824    
72.814812824    -30.261481959   -5.891944603    
23.269093819    -0.539531429    2.266290141     
25.696055365    -1.848120246    2.232675402     
22.812726713    1.787490634     -0.443034811    
29.066198369    1.785884784     -2.496144510    
113.072725243   -22.617815566   -9.989352050    
62.802340989    -24.504427892   -10.249893610   
64.488963756    -29.179451388   -9.042917655    
17.631655439    2.104724301     2.275037881     
16.803495674    2.455162513     1.672796984     
17.853642804    2.546064994     2.087197282     
19.469131959    2.588967423     2.032860067     
19.681371457    2.234095470     2.335495347     
16.919193986    0.854349558     2.257334681     
21.743567045    1.297095220     2.315402690     
19.854179357    1.490044242     2.300590634     
17.690153644    -1.449083239    2.147882599     
21.851278302    -4.840483377    1.986103119     
16.440719778    -1.398579815    2.105638146     
18.075566151    -1.932119072    2.119151673     
20.953413577    -5.069550975    1.965947449     
15.016166567    2.350628614     1.084647234     
38.280609988    17.637065994    1.916772418     
25.816816774    8.588324749     0.723968856     
16.759406587    2.427325072     1.100866565     
31.222318761    9.315139535     0.126254219     
20.188826656    3.128032139     1.965456177     
52.984514826    3.903619988     1.068002970     
29.916306267    3.263846109     1.949203276     
26.204573999    8.252486282     1.725865434     
34.994119943    -11.693662542   1.905789189     
70.151205857    -14.769904797   -0.119508043    
16.716085704    -0.410116512    2.148287923     
17.992954635    -1.112896390    2.136418850     
45.076963235    17.711389321    0.867042031     
22.287753804    7.878703368     -0.984287926    
47.605383718    2.034802426     -0.662444823    
19.631430109    -0.159229877    2.215070064     
16.847770116    2.479994854     1.471210866     
22.541124919    7.327331348     -0.663861780    
22.965666331    6.468867772     -1.403167677    
22.608139578    3.828836699     -0.013693462    
35.229920989    -13.810758411   1.827915994     
22.256395912    2.713430493     -2.045063245    
21.159617471    2.482752364     -0.267023721    
28.390437991    5.755463875     -1.685886033    
21.719265997    3.602338291     -0.227191150    
22.628072308    6.898439546     -0.184978546    
22.711146593    6.874387920     -1.125906033    
55.763564303    -30.072915155   0.712423219     
30.438514781    -4.988201418    2.163113385     
51.861811280    1.844211022     -2.579833786    
23.769431162    2.133654340     2.385791756     
45.717275799    -4.586985598    2.672289054     
95.126242291    -32.829036036   -4.720801658    
34.006632802    0.415865071     -5.002154813    
60.392111472    -28.987792559   -2.738006963    
62.350971860    -29.714213790   0.295722514     
34.213109802    7.592734535     2.042730139     
44.935074705    1.886147627     2.847720533     
24.412382498    4.059220449     2.171383625     
16.058800862    2.652571964     2.002972686     
17.090322417    2.821564137     2.055656327     
18.823532127    -4.331656836    1.950486801     
24.657021850    8.960787666     0.352988036     
22.007158271    7.588902757     1.646445643     
22.489244699    7.908076129     0.946709103     
30.005631633    -11.938827553   1.810776879     
25.315826926    5.839727556     -1.949056126    
38.098887211    12.327363783    1.761054301     
25.603990440    8.237875597     -0.985319455    
22.439441369    2.788819387     -1.468505744    
16.301265583    2.386849469     2.119027370     
30.015084919    -0.109304112    2.348623705     
70.151205857    -14.769904797   -0.119508043    
22.362799788    7.886850035     -0.298779885    
67.582431940    -36.575642573   -6.088855570    
70.151205857    -14.769904797   -0.119508043    
22.614387949    -1.920114355    2.184886807     
20.229747927    -1.216111010    2.177838957     
23.441945725    6.222122483     -1.184164239    
25.800073274    8.339776078     -1.097591839    
21.937561839    3.841834293     -1.144669784    
22.465683475    4.684947308     -1.084587139    
34.368547602    -8.189823178    2.083402354     
32.214965431    14.628122015    1.854964081     
70.151205857    -14.769904797   -0.119508043    
27.172316056    6.240879446     2.252843619     
21.936401175    -1.007051310    2.237492591     
22.238943249    0.158958279     2.285054011     
70.151205857    -14.769904797   -0.119508043    
39.897865521    7.210644934     0.959097193     
53.633863885    -13.276596881   -6.232603554    
114.089572301   -29.264796369   -3.671950390    
21.167291026    4.351252965     2.176680651     
22.222153129    2.646956777     2.158744056     
20.357715864    2.326178417     2.179008237     
18.959788063    0.346908865     2.309141029     
20.478410843    -1.298266449    2.233913759     
22.044003326    -2.298241348    2.170636002     
23.259801646    -4.217077725    2.118308894     
19.310976248    -3.444854941    2.079445306     
23.458064867    -5.081042592    2.065162135     
22.709817025    5.279449507     2.162836908     
40.511637268    17.008685579    0.960146231     
22.562057111    2.932103993     0.484476657     
22.488215785    2.797234012     2.081351163     
22.386188558    2.938369238     1.465226384     
24.965748181    1.631683371     2.370055796     
26.295302361    5.838470592     -1.689824583    
24.237720442    1.755161352     -1.125673416    
22.950979191    6.514773159     -0.210595308    
25.840856126    -4.267735244    2.171612484     
24.726165074    -4.717859910    2.113203151     
21.457546927    2.054792663     -0.180611958    
21.566258640    2.260194177     2.183933657     
18.926670052    -1.094890254    2.220116059     
70.151205857    -14.769904797   -0.119508043    
20.185047914    0.739449356     2.317707291     
26.869389371    0.555151208     2.384842759     
33.645335551    -4.850385151    2.230874858     
19.835411835    -0.917038339    2.289887667     
22.467052387    2.940298841     0.982834769     
21.696452567    3.143573933     -0.285967699    
20.365841302    0.238367460     2.275575749     
20.775866062    -3.445754196    2.076325273     
23.756130369    5.608862711     -0.580172925    
21.518227435    3.921378470     -0.467462445    
37.289496572    10.934051724    0.547799951     
70.151205857    -14.769904797   -0.119508043    
38.034135675    5.646957338     -0.028137632    
21.046151727    -0.298492190    2.286457350     
23.176093129    4.150320392     2.164819487     
38.365719901    -5.167614451    2.267658893     
29.083466747    7.347450453     2.256516368     
20.075218058    1.118269104     2.329596545     
20.415776830    -0.610879378    2.271749162     
37.447659554    0.969617431     -3.099748854    
45.997936068    9.269562644     12.096360852    
24.984273846    -0.118197762    2.331325754     
35.763679679    7.366178638     1.030288607     
27.524991998    1.317626782     2.478301315     
61.643986011    -27.021043754   -4.110641301    
25.431243654    -1.178656161    2.296853612     
37.084068762    7.155047244     2.191621639     
21.139224399    0.610223309     2.300960600     
22.982378710    0.822384098     2.347034723     
21.443636595    -1.364729371    2.202795662     
24.208191539    -2.959015653    2.135214203     
21.887277968    -2.167807764    2.543157697     
26.671951747    7.491009527     2.192058595     
33.241670343    12.727003421    2.019299873     
27.206542414    -6.594014112    2.007590758     
22.707050228    4.366284852     -1.154241200    
27.213015299    8.975982530     -1.647813747    
21.941830899    1.458791400     -0.766879844    
20.808654897    1.524870800     2.334471850     
20.804932795    -3.058570663    2.082511025     
30.389556202    9.536958258     1.806023091     
40.620165047    18.754752645    1.242747068     
29.992193387    8.930854189     0.769880115     
30.990063981    7.258406247     2.067662804     
29.698742925    8.547542714     -0.301613421    
25.153000367    7.140953706     2.276516584     
21.414677954    2.749165102     2.088692223     
44.566011059    -14.794155187   1.949763088     
27.236475075    7.170681497     2.308961570     
70.151205857    -14.769904797   -0.119508043    
38.373710498    12.925125751    0.291365327     
45.704575613    -11.185697693   2.186369254     
22.451100205    2.797156284     0.286390008     
21.796766758    1.664137969     2.357240311     
28.653083520    9.401572902     0.231191961     
26.650119720    -7.307802314    1.925491828     
21.759251225    3.496342328     -0.583186112    
23.097250032    2.352083825     -0.777947151    
30.471005229    5.501363043     -0.619070050    
26.899860164    -0.716273053    2.282952088     
25.501674788    -2.822028460    2.178561029     
22.460506232    -2.896456752    2.141087254     
20.424011529    -0.921186864    2.207906251     
70.151205857    -14.769904797   -0.119508043    
21.956460128    2.937920236     2.098570112     
22.804737674    1.162656315     2.380443185     
70.151205857    -14.769904797   -0.119508043    
29.772749817    3.236907979     1.061680898     
23.895042306    0.340886874     2.317357828     
21.942792122    -0.695945034    2.250099682     
34.313066288    7.579989575     1.998945798     
28.162754572    2.685552767     -0.740606795    
26.510265269    2.055361371     -1.803801512    
27.305483630    -5.745639849    2.053197416     
22.888230606    -1.106479455    2.240020994     
26.916338983    -4.308887041    2.116069046     
24.589271258    -2.137987236    2.215260739     
22.808194302    -1.495445910    2.199859494     
24.306764631    -4.056913641    2.108477990     
24.996141882    3.463189526     1.999244900     
22.899108577    2.064215821     -0.237930493    
30.228260485    4.214658487     -2.144651568    
22.845765533    1.814745125     -0.209089703    
28.146802691    3.196662822     -1.622253874    
21.469060869    2.472711050     -0.113988957    
29.857437497    1.923814993     -1.961139783    
28.664812531    -1.705108813    2.262192492     
26.066124505    5.537665617     -0.145920540    
39.326994221    14.416407529    1.798549670     
22.346487108    -3.043821956    2.112955097     
27.374490858    7.202429621     2.293272752     
32.481854408    7.692229648     2.345318877     
28.244127016    2.260039888     2.337250431     
30.219892860    2.749779392     0.138434402     
22.511079404    -1.927171565    2.182955204     
30.308439038    9.540870013     1.765872830     
22.285347429    2.316794979     2.207933304     
28.457838255    -4.972302199    2.105620184     
35.352446209    7.631856178     -0.073462402    
70.151205857    -14.769904797   -0.119508043    
21.330778718    2.216027221     -0.245133747    
23.379031115    -3.053147725    2.135791722     
46.500818304    3.238568573     1.863095341     
97.162881068    -43.319287758   -0.516018456    
65.299705960    5.993214414     -0.199291175    
33.631166314    2.807707255     1.878935488     
53.709844449    1.915922627     -2.043145955    
58.257171566    -14.586191496   -1.935514503    
54.668977027    -15.861662469   -5.142494077    
62.282179576    -24.367247330   -10.127317405   
29.710229476    3.163530063     1.913790962     
27.879308338    1.766192885     -0.971076563    
30.115097600    0.511550229     -2.562889888    
22.459306885    2.725445331     1.702503001     
22.411768671    2.965330367     1.785249931     
23.943387852    2.108988886     2.409102826     
23.655475159    0.723771213     2.267751779     
22.535055860    -0.460665408    2.249791463     
25.710715936    -1.863138964    2.246469707     
27.208888437    -2.534438508    2.237374140     
23.466120894    -2.075394937    2.212335459     
35.343025468    9.319768858     1.121895298     
30.608842071    -5.071440316    2.183129659     
34.482392995    -10.301933348   2.039607858     
34.857117155    -11.539569606   1.919593660     
30.060947795    8.847322776     -0.006268250    
34.085561750    8.097081246     -0.756614286    
29.556965613    1.180230726     -2.492569600    
72.437746119    -12.670951722   -6.047384411    
22.449413240    2.570380195     -0.000507599    
82.116553097    -31.675008922   1.235257716     
77.225166928    -12.476004997   -2.623610286    
54.688643051    -12.560552761   -4.339489358    
34.874579017    -1.784473123    2.422157056     
63.420124536    -28.619893435   -8.850206632    
105.771432366   -29.534414313   1.506004115     
70.151205857    -14.769904797   -0.119508043    
23.007646916    2.712044317     2.114743449     
34.521065869    5.116849853     6.221153450     
23.911285420    -0.500919796    2.260972153     
186.288867736   -82.447426881   -15.026156595   
69.664060644    -31.119404356   -2.094929639    
54.697884924    1.108689237     -2.060525686    
79.650031669    -31.703702542   -4.086611512    
47.427298385    -4.928027118    2.444722569     
56.696499291    -16.142207017   -2.582442008    
58.672530477    -28.017487033   -1.895916448    
64.219687055    -29.145505893   1.309760782     
25.472634017    4.189865057     2.264655247     
23.505143427    1.203669392     2.369457668     
23.002633568    -0.108012903    2.259484722     
23.517302641    -0.743023253    2.264215907     
24.065113538    -1.231926995    2.267625355     
23.933037932    -1.569221210    2.261654806     
23.548823702    -2.413961326    2.217753200     
29.056530557    8.463448099     1.876432800     
29.666420664    3.834150616     -1.138899163    
23.828009691    2.390500663     2.238572310     
70.151205857    -14.769904797   -0.119508043    
24.405074361    2.927564141     2.033967422     
30.381636246    -0.102940982    2.471492917     
45.085822792    1.721299892     2.852957511     
33.320787676    1.742679309     2.480579133     
30.778715340    0.708511924     2.440272763     
23.650761640    2.868462396     2.142396510     
23.401786954    2.656893176     2.146762836     
22.850367862    2.179391184     2.209435535     
34.515963387    9.548713878     0.122660178     
29.503737335    7.187482231     2.309245215     
34.517536701    10.467608660    1.884650440     
34.760702055    8.026203809     0.997150283     
28.177825451    4.794759562     2.217997663     
30.031542687    4.632676689     -0.978218476    
35.443389122    9.431191386     -1.799490560    
29.168223272    4.886700803     -1.175793336    
32.201557273    5.936155380     -2.791645314    
24.742045020    2.573140586     2.137860465     
26.546016819    -2.783965962    2.242361332     
29.633845028    -2.654916175    2.298141186     
70.151205857    -14.769904797   -0.119508043    
64.951828444    -0.380809599    -8.243219209    
50.854579372    22.890686922    -0.473810291    
30.861915850    2.510433791     0.056246388     
26.386434365    2.324319625     2.234858693     
24.329968117    1.156811251     2.359531405     
24.982823522    0.873648158     2.364889211     
25.981553054    1.413555583     2.421642399     
36.515519951    12.880176885    1.709906137     
29.424805832    3.164809175     0.113688867     
29.933225456    4.549614539     2.252653155     
28.441183902    6.655538540     -0.546653877    
29.914562555    6.856848462     -0.673294068    
30.561054296    4.853079106     -0.437284871    
34.303186871    8.516345377     0.137879040     
39.747577369    1.977682312     -1.852516929    
24.428089542    2.163350002     2.210164509     
70.151205857    -14.769904797   -0.119508043    
52.141210586    8.183133652     2.072879925     
38.162829072    -1.030230504    2.446836215     
40.786948087    8.591107202     -0.472840632    
39.060368192    7.278895523     0.934511975     
27.515442278    5.161458922     2.484023435     
25.907003762    3.016759428     2.032449238     
27.571238443    2.332219657     2.247568760     
29.816889338    2.105241073     2.449426065     
25.846809292    -0.011745708    2.340509707     
26.044012617    -0.785313323    2.327380381     
30.515117334    2.181506765     2.322517786     
29.993823550    7.047323546     -1.620735193    
33.698899306    8.478286900     -1.469444956    
29.838264666    2.925572211     -0.404543524    
30.151237138    0.990420445     -2.057005609    
70.151205857    -14.769904797   -0.119508043    
24.971780611    0.241371448     2.326415998     
29.748461001    5.863028387     -1.440600909    
34.184072575    -7.905134334    2.229881646     
30.686188423    6.175633255     -1.957398156    
24.321358645    0.127197501     2.328848445     
35.363672052    10.519313131    2.170103056     
31.738619641    3.081112925     2.183963652     
28.863532125    1.040659329     2.442234263     
27.358884744    -3.509775584    2.232637444     
30.353424212    -4.202445691    2.292387878     
26.307107089    -1.552174623    2.269008142     
25.181910636    -2.079451689    2.240424213     
40.907311292    -12.468659604   1.982798578     
31.327231985    7.194220757     -0.501081884    
28.481182739    3.690548457     -1.253617865    
29.751288020    3.849582218     -1.145767103    
28.666457921    2.744014242     -1.400662686    
26.459769968    -0.464879313    2.348256835     
27.613612275    -3.874310819    2.250931044     
34.084233449    -2.899499443    2.391279390     
37.695872639    3.309560830     -1.704290418    
33.280623923    -8.458265975    2.176708219     
70.151205857    -14.769904797   -0.119508043    
28.379686378    -0.865516398    2.363070415     
39.889498145    -5.764873234    2.379756601     
43.192894100    -8.268465317    2.365895644     
25.657227895    2.572671987     2.165407250     
26.264347812    2.777295575     2.066025026     
26.843961795    0.883600001     2.421197054     
25.833496837    0.609851035     2.394073073     
29.710609680    -3.250473552    2.296149145     
37.209665705    -8.186786898    2.267565964     
33.002798410    9.670193424     -0.439535216    
33.442005541    8.398808444     -1.589617070    
29.786561950    1.095854896     -1.752640440    
43.611791342    7.331103645     0.174044663     
116.193819400   -28.965495117   -7.668239096    
38.357385518    -8.104619604    2.292025270     
27.403620005    0.239723584     2.365120447     
27.997869477    -0.363197748    2.362647132     
33.034032868    2.589700266     0.816663072     
116.400105021   -29.891488188   -4.044660662    
32.353712925    -4.007211664    2.364826080     
69.077338515    -28.820044282   -3.919283944    
30.583989415    7.478494467     2.196598018     
70.151205857    -14.769904797   -0.119508043    
30.022376536    2.537665333     -0.775609698    
105.253024817   -17.213746013   1.395271101     
43.334340314    7.129128141     2.378170003     
38.311237560    0.631736249     -3.546101039    
53.594142007    -13.293057168   -5.492070058    
28.310315524    1.447204907     2.430265165     
27.033038782    -1.197634754    2.336614981     
27.769339205    -3.096893735    2.277605450     
27.593962079    -2.137348374    2.290051639     
29.319193739    -5.254480557    2.185832888     
25.907680378    -2.646433802    2.232476548     
41.533736618    14.685960885    1.529292543     
37.600570167    13.036041322    1.138412565     
35.177704447    7.276792720     2.027094282     
30.928777596    5.374509151     2.333465596     
37.042916503    7.137372011     1.961524807     
65.024336467    -29.545761138   -4.515933112    
38.850407463    1.206278289     -2.718701883    
35.701545280    7.053142382     1.042273765     
45.564835603    -0.080295525    2.726636170     
70.151205857    -14.769904797   -0.119508043    
28.179508815    4.146556567     2.194183886     
27.939388891    3.309295428     1.988941885     
27.218247131    2.602922248     2.107270477     
28.712493236    3.257555604     2.026966801     
28.914144653    2.576245368     2.129883966     
27.025349042    -0.692314424    2.377558551     
30.209543864    -1.469138040    2.368578435     
31.333382047    4.530666635     2.293917707     
30.349929438    4.300589737     -0.681713049    
30.344601122    1.855161964     -1.475866919    
27.732304568    2.104356001     -0.690510804    
70.151205857    -14.769904797   -0.119508043    
31.103752022    -0.700123414    2.412860765     
42.525886621    -11.540623271   2.278009988     
34.284238576    8.045532877     0.187461348     
32.538577950    7.071823317     2.261707000     
37.503382523    2.907622665     1.994032936     
28.185602356    0.626568190     2.400510701     
30.548666814    1.631138347     2.464502059     
27.581361583    -1.037311256    2.300500092     
28.875022056    -4.394860770    2.240767453     
35.117086011    9.222204353     1.903390394     
43.349044621    16.608502133    1.024009050     
38.207134782    8.295122648     0.049649126     
30.911091428    5.990270558     -0.840626521    
27.895667572    -3.329810071    2.241270424     
30.562413448    2.389605581     -1.172859859    
29.955561957    4.687618277     -0.828840837    
30.568043207    5.652739787     -0.287517909    
34.070290244    0.561277465     2.437448569     
27.089019909    3.107426891     2.072476959     
70.151205857    -14.769904797   -0.119508043    
29.713464519    2.467442468     -0.916185798    
29.734390439    3.082487857     1.367001695     
33.384211838    -0.340612874    2.471005224     
42.764626556    8.251087649     -0.203702851    
69.626428787    -29.600305096   2.392091003     
28.508052626    -0.369310097    2.393176868     
31.019196575    -2.639375747    2.374744094     
75.141804031    -5.383041496    2.646726126     
70.151205857    -14.769904797   -0.119508043    
35.049874816    7.396024732     0.742355080     
28.201194073    2.662753397     2.080990039     
33.033641107    -5.990218728    2.274758548     
74.090141181    -12.831026351   -2.627020019    
100.931294763   -31.100309502   1.304852692     
74.376769245    0.818709422     -3.661462202    
45.484557488    3.063335773     2.286423591     
48.336677216    4.368767331     -0.123200034    
98.313103759    -43.633012046   0.622775237     
47.809844719    1.280457987     -2.835283779    
56.712234445    -13.275885450   -1.536559172    
76.884992053    -36.587873318   -1.528942174    
37.584760215    2.355747481     -2.259005145    
54.044610728    -14.531241876   -3.887995399    
56.201512578    -12.353867799   -1.933948314    
55.543802389    -12.669326522   -3.880698374    
55.175086428    -15.988169581   -4.748915682    
64.906888283    -29.342160768   -7.349709455    
62.749529249    -24.467763227   -9.516933916    
30.939776671    3.719950392     3.756180275     
29.829584807    2.613913473     2.252914536     
34.110066415    -4.103431179    2.507506184     
28.798731309    -1.688435856    2.371896449     
28.706567814    -3.139802544    2.355193716     
30.671500087    -4.890365254    2.329949681     
32.703790552    7.279515327     2.202351967     
56.414479005    3.768522118     1.183428620     
31.828979009    3.785808647     1.010565370     
33.180527004    2.815440524     1.840353879     
30.861540729    4.413741032     -0.227344524    
30.033557806    2.205944155     -0.259702953    
29.491882460    2.377230848     -0.406989431    
30.238881091    2.177340574     -0.205476506    
90.204966878    12.303494615    2.430992376     
75.141804031    -5.383041496    2.646726126     
29.386928598    2.512208981     0.094249194     
39.600384220    -4.682054297    2.470590423     
70.151205857    -14.769904797   -0.119508043    
34.964407570    -1.641332358    2.529687703     
48.316273848    2.530910229     -1.145682984    
46.147394073    1.932559998     -0.379607430    
74.719604191    -11.910617161   -4.264030990    
77.064795343    -30.394864665   -2.456813954    
32.524080317    -1.508988396    2.488684113     
29.706416458    3.238871576     1.919279250     
48.930775594    -13.052594726   1.687095244     
67.174158666    -30.703359983   -3.380540558    
33.896498099    7.138891795     2.341217147     
29.698484068    2.977190942     1.799681257     
38.569104466    1.510556069     2.760273854     
48.143425305    -4.929790638    2.624704404     
33.652967100    1.626713741     2.554120131     
35.979692369    -2.635598416    2.502456880     
45.487808136    -5.048606096    2.546999318     
65.573780646    -29.920088445   1.035445671     
44.350629659    6.470699611     -0.915807709    
56.130969835    -15.266276929   -2.259833111    
55.432024315    -15.480331611   -2.167398288    
30.327124084    1.162451243     2.496004244     
29.139417814    0.367629601     2.485001420     
29.510442071    -0.342193172    2.451875747     
29.378558525    -0.685140431    2.449375264     
30.312546877    -0.007819848    2.485028089     
30.819457048    5.443838339     -0.259157445    
29.941249392    2.360414053     0.135642667     
43.950027162    6.765096814     1.401096374     
34.441695961    7.104319721     -0.017362189    
75.141804031    -5.383041496    2.646726126     
70.151205857    -14.769904797   -0.119508043    
30.008573566    -1.797230013    2.418214738     
31.542099835    -4.451507827    2.352833971     
41.382150738    7.347253217     1.169094662     
84.565844350    -28.285971414   1.202128678     
30.305547468    0.378865947     2.497636450     
29.104466174    1.439426329     2.447036618     
30.402997837    -1.133138625    2.463611602     
31.099108769    -3.752166282    2.419172247     
34.500711069    2.506850760     2.373733260     
34.598372200    7.317461499     1.413513078     
75.141804031    -5.383041496    2.646726126     
29.970758743    3.477435759     0.776597939     
32.844944364    3.061310788     2.188986920     
44.754524604    3.272760576     -1.514196695    
42.897647186    -1.649409191    2.657065220     
70.151205857    -14.769904797   -0.119508043    
58.628850941    -11.857796213   2.478436236     
31.701350158    5.079880490     2.324279044     
42.022624572    -2.630362502    2.583809224     
37.958583152    3.284758014     0.349438330     
39.380800431    2.586682813     -1.829267198    
30.753007555    2.466962364     2.332902165     
31.982851641    0.955434304     2.504576223     
30.296480098    0.676927330     2.478758157     
30.333082781    -2.791466439    2.423410568     
40.962600866    8.583387778     0.006329906     
40.137048679    7.234863665     2.372275563     
33.247405507    2.717017165     0.641980443     
38.860808833    7.484103984     0.961845137     
35.795887642    -5.465934720    2.398600681     
29.615263035    3.182009119     0.453762166     
30.820037910    2.359979891     -0.027907677    
36.804601514    4.030576707     -1.992440665    
37.015885332    3.693408973     -2.114661622    
29.833346477    -0.375034276    2.465564630     
38.105565470    3.212048401     -0.382436394    
75.141804031    -5.383041496    2.646726126     
29.536991875    -2.592452830    2.390494264     
70.151205857    -14.769904797   -0.119508043    
65.462042343    -0.411574114    -8.211176114    
36.207980060    -0.027172473    2.550759010     
53.735443120    -15.207648551   0.158039630     
29.552592258    2.241313392     2.306101151     
31.161665207    -0.256241336    2.449335612     
31.682568418    0.257371298     2.487836284     
31.442487357    -1.631669154    2.431022066     