364456.374036312 0.200024128     2.000000000     57.000000000    0.001402113     0.554410376     0.121402398     0.174557522     6.000000000     14.000000000    3.720848000     6.935993000     0.017067000     0.000000000     0.000000000     
364456.574106455 0.200070143     2.000000000     82.000000000    0.001737225     0.993994436     0.169203321     0.230263337     6.000000000     13.000000000    4.184098000     7.305439000     0.018035000     0.000000000     0.000000000     
364456.774084330 0.199977875     2.000000000     90.000000000    0.024547275     1.002468484     0.224664411     0.285787051     6.000000000     13.000000000    12.466323000    14.323138000    0.089241000     0.000000000     1.000000000     
364456.974213600 0.200129271     2.000000000     98.000000000    0.000495441     1.092632177     0.270395557     0.352046534     6.000000000     14.000000000    17.673579000    54.963439000    0.125775000     0.000000000     0.000000000     
364457.174117804 0.199904203     2.000000000     109.000000000   0.003563671     1.164198304     0.303628073     0.390088649     6.000000000     14.000000000    21.666424000    76.210257000    0.147497000     1.000000000     0.000000000     
364457.374026060 0.199908257     2.000000000     105.000000000   0.021979446     1.358593960     0.336655278     0.434227856     6.000000000     11.000000000    24.589961000    61.733614000    0.351805000     0.000000000     1.000000000     
364457.573940277 0.199914217     2.000000000     106.000000000   0.017281951     1.487897862     0.360200822     0.469158090     6.000000000     12.000000000    30.637735000    78.751501000    0.342430000     1.000000000     2.000000000     
364457.776454210 0.202513933     2.000000000     99.000000000    0.014456960     1.487934576     0.373326393     0.481443282     6.000000000     13.000000000    36.033622000    96.384192000    0.373908000     3.000000000     2.000000000     
364457.973961830 0.197507620     2.000000000     97.000000000    0.002216047     1.499128740     0.386620622     0.504646787     6.000000000     13.000000000    18.726340000    45.874940000    0.187476000     1.000000000     5.000000000     
364458.174047947 0.200086117     2.000000000     104.000000000   0.023342756     1.370094987     0.398716776     0.508657583     6.000000000     14.000000000    67.147714000    146.087332000   42.395087000    2.000000000     2.000000000     
364458.374138355 0.200090408     2.000000000     92.000000000    0.028129411     1.362530488     0.390748084     0.497675031     6.000000000     16.000000000    11.639084000    32.815326000    2.200085000     3.000000000     1.000000000     
364458.475938630 0.101800275     1.000000000     84.000000000    0.029987263     1.427135743     0.407546245     0.515179508     6.000000000     16.000000000    17.001604000    35.263545000    2.077879000     0.000000000     1.000000000     
364458.575989838 0.100051208     1.000000000     44.000000000    0.030261841     1.401326111     0.423896293     0.537791920     6.000000000     14.000000000    9.126603000     19.253141000    1.391959000     0.000000000     1.000000000     
364458.776199244 0.200209406     2.000000000     83.000000000    0.020442478     1.462153544     0.362468717     0.496336632     6.000000000     11.000000000    36.947293000    63.259243000    6.641160000     0.000000000     1.000000000     
364458.876141690 0.099942446     1.000000000     85.000000000    0.021067636     1.383838851     0.351183033     0.460539553     6.000000000     16.000000000    29.128518000    70.958454000    5.373517000     2.000000000     1.000000000     
364458.976243059 0.100101369     1.000000000     88.000000000    0.010552774     1.337055786     0.374520846     0.474465591     6.000000000     13.000000000    35.573898000    53.390640000    6.081192000     1.000000000     1.000000000     
364459.076430653 0.100187594     1.000000000     86.000000000    0.006394325     1.477076547     0.352212877     0.454833991     6.000000000     16.000000000    34.713386000    63.245905000    2.481941000     0.000000000     2.000000000     
364459.176401185 0.099970532     1.000000000     79.000000000    0.006670203     1.482021123     0.400987385     0.503194059     6.000000000     15.000000000    11.729819000    31.638007000    1.906758000     0.000000000     1.000000000     
364459.376328805 0.199927619     2.000000000     88.000000000    0.006895116     1.476821563     0.348833617     0.445064337     6.000000000     13.000000000    13.050433000    29.788518000    2.330282000     3.000000000     2.000000000     
364459.577652508 0.201323703     2.000000000     105.000000000   0.015346872     1.486013357     0.373181064     0.473575673     6.000000000     13.000000000    33.797694000    38.545203000    1.683683000     0.000000000     1.000000000     
364459.676136070 0.098483562     1.000000000     105.000000000   0.015294556     1.461067331     0.391091037     0.488751054     6.000000000     12.000000000    12.538063000    27.548539000    1.483411000     0.000000000     1.000000000     
364459.776032802 0.099896732     1.000000000     112.000000000   0.000580286     1.457630249     0.419365810     0.518967561     6.000000000     13.000000000    12.532133000    22.300396000    1.104654000     1.000000000     1.000000000     
364459.975861263 0.199828461     2.000000000     93.000000000    0.020637230     1.443584940     0.429736247     0.520904806     6.000000000     14.000000000    13.723499000    27.638463000    3.941734000     0.000000000     2.000000000     
364460.075828185 0.099966922     1.000000000     80.000000000    0.006166703     1.433840406     0.450057588     0.549755410     6.000000000     10.000000000    11.109111000    15.397534000    1.811102000     0.000000000     0.000000000     
364460.176252148 0.100423963     1.000000000     83.000000000    0.002926358     1.473737698     0.428102362     0.543558054     6.000000000     15.000000000    7.463047000     20.250596000    1.513956000     2.000000000     0.000000000     
364460.276064814 0.099812666     1.000000000     98.000000000    0.010189867     1.432718972     0.422595309     0.531517584     6.000000000     16.000000000    19.945534000    58.363744000    2.550883000     2.000000000     0.000000000     
364460.376153410 0.100088596     1.000000000     89.000000000    0.005681456     1.494487885     0.405789176     0.526423486     6.000000000     1.000000000     21.636880000    6.031728000     3.103688000     1.000000000     0.000000000     
364460.476268164 0.100114754     1.000000000     82.000000000    0.001718224     1.360966061     0.357794986     0.468910024     6.000000000     14.000000000    20.082051000    43.549190000    3.904362000     2.000000000     0.000000000     
364460.576339659 0.100071495     1.000000000     89.000000000    0.005968684     1.345534533     0.349591891     0.461278570     6.000000000     9.000000000     13.757635000    22.108828000    2.246342000     1.000000000     0.000000000     
364460.676166813 0.099827153     1.000000000     92.000000000    0.014677861     1.346469414     0.301591983     0.396316963     6.000000000     13.000000000    12.071869000    22.939623000    2.067608000     2.000000000     1.000000000     
364460.776452402 0.100285590     1.000000000     110.000000000   0.001502816     1.417556328     0.309077887     0.401556913     6.000000000     9.000000000     36.104239000    70.255154000    6.099653000     0.000000000     0.000000000     
364460.875942330 0.099489927     1.000000000     118.000000000   0.005811536     1.298655689     0.299295255     0.387428785     6.000000000     15.000000000    43.181784000    99.799434000    2.136773000     1.000000000     0.000000000     
364461.076212186 0.100035906     1.000000000     110.000000000   0.005560421     1.404204786     0.325986577     0.425331522     6.000000000     1.000000000     15.984717000    4.677799000     7.484782000     1.000000000     0.000000000     
364461.176018861 0.099806675     1.000000000     71.000000000    0.016166656     1.385198247     0.355120420     0.459137481     6.000000000     14.000000000    11.684084000    29.822629000    2.228463000     1.000000000     1.000000000     
364461.275824687 0.099805826     1.000000000     74.000000000    0.006027994     1.283286930     0.353870569     0.454742177     6.000000000     1.000000000     38.388435000    10.795208000    5.821437000     1.000000000     0.000000000     
364461.376005789 0.100181103     1.000000000     81.000000000    0.017996291     1.254142936     0.335527824     0.438715219     6.000000000     13.000000000    18.498362000    41.294897000    2.382815000     0.000000000     1.000000000     
364461.475902501 0.099896711     1.000000000     83.000000000    0.003985583     1.277514113     0.332521528     0.437262866     6.000000000     12.000000000    13.857710000    27.194264000    2.284151000     2.000000000     2.000000000     
364461.575872612 0.099970111     1.000000000     90.000000000    0.005714504     1.233232298     0.317943531     0.410253940     6.000000000     1.000000000     36.096802000    7.163382000     4.593028000     1.000000000     0.000000000     
364461.675901603 0.100028992     1.000000000     103.000000000   0.006600357     1.233472248     0.312571885     0.411001241     6.000000000     13.000000000    15.872103000    29.054431000    2.281837000     0.000000000     0.000000000     
364461.775904705 0.100003101     1.000000000     91.000000000    0.011464100     1.287647411     0.321396169     0.425243720     6.000000000     1.000000000     10.447656000    3.097096000     2.166044000     0.000000000     0.000000000     
364461.875927650 0.100022945     1.000000000     107.000000000   0.006043526     1.230617803     0.307447357     0.410582315     6.000000000     1.000000000     39.288208000    12.157475000    3.527568000     1.000000000     0.000000000     
364461.976151668 0.100224018     1.000000000     101.000000000   0.005557740     1.400562916     0.308897698     0.414818995     6.000000000     1.000000000     16.974118000    5.254516000     2.666714000     0.000000000     0.000000000     
364462.076323249 0.100171581     1.000000000     101.000000000   0.009391844     1.225565968     0.312555795     0.408540515     6.000000000     16.000000000    17.687163000    36.713398000    1.343898000     3.000000000     0.000000000     
364462.176205958 0.099882709     1.000000000     100.000000000   0.010392591     1.431981193     0.288871629     0.388332446     6.000000000     14.000000000    9.129226000     22.841788000    2.500262000     0.000000000     0.000000000     
364462.276178528 0.099972569     1.000000000     87.000000000    0.003667962     1.204635786     0.293481572     0.387629756     6.000000000     1.000000000     13.939071000    3.503968000     2.197154000     1.000000000     0.000000000     
364462.376099267 0.099920739     1.000000000     69.000000000    0.005683750     1.402241006     0.306335903     0.415021636     6.000000000     13.000000000    10.452969000    21.867741000    1.532102000     0.000000000     0.000000000     
364462.476180894 0.100081627     1.000000000     80.000000000    0.006939934     1.402558821     0.295733642     0.405602606     6.000000000     10.000000000    21.351610000    21.477720000    1.889968000     0.000000000     0.000000000     
364462.576068863 0.099887969     1.000000000     87.000000000    0.005393852     1.400521175     0.330940218     0.429020596     6.000000000     14.000000000    8.830745000     18.526325000    1.412018000     0.000000000     0.000000000     
364462.676059339 0.099990476     1.000000000     90.000000000    0.017376706     1.493469290     0.328063815     0.424592426     6.000000000     13.000000000    13.834160000    21.083215000    1.631628000     1.000000000     0.000000000     
364462.776065129 0.100005790     1.000000000     102.000000000   0.005048700     1.385882923     0.319491444     0.411097886     6.000000000     9.000000000     26.879783000    45.778179000    4.880230000     3.000000000     1.000000000     
364462.876094597 0.100029469     1.000000000     112.000000000   0.009977626     1.476927000     0.342250935     0.432940796     6.000000000     14.000000000    20.968396000    58.059286000    4.172925000     1.000000000     1.000000000     
364462.975906734 0.099812136     1.000000000     107.000000000   0.012940839     1.376509949     0.334316764     0.425184827     6.000000000     9.000000000     20.196389000    34.902272000    2.604219000     1.000000000     2.000000000     
364463.075926797 0.100020064     1.000000000     91.000000000    0.008581302     1.378760029     0.336109147     0.418430526     6.000000000     10.000000000    13.307265000    22.207518000    2.316765000     1.000000000     0.000000000     
364463.178178824 0.102252026     1.000000000     90.000000000    0.005980511     1.277305895     0.341176288     0.427394535     6.000000000     14.000000000    9.399049000     25.589941000    1.601769000     2.000000000     2.000000000     
