364456.574106455 0.200070143     29.821984794    0.526674438     0.018500858     82.000000000    34.731942000    
364456.774084330 0.199977875     25.549139915    0.563311781     0.025866447     90.000000000    38.696978000    
364456.974213600 0.200129271     23.499565421    0.597772106     0.013779334     98.000000000    36.332320000    
364457.174117804 0.199904203     22.508537951    0.626775664     0.028133994     109.000000000   38.416089000    
364457.374026060 0.199908257     20.520369673    0.634890896     0.019745302     105.000000000   36.681000000    
364457.573940277 0.199914217     20.288053513    0.663533446     0.049252377     106.000000000   38.819502000    
364457.776454210 0.202513933     20.048110034    0.703107931     0.043462223     99.000000000    42.301461000    
364457.973961830 0.197507620     22.020805473    0.713885795     0.039581074     97.000000000    35.116188000    
364458.174047947 0.200086117     23.302669386    0.742691123     0.058629544     92.000000000    40.424920000    
364458.374138355 0.200090408     22.779257759    0.744801336     0.003337259     91.000000000    40.874656000    
364458.475938630 0.101800275     34.687103179    0.545999605     1.635125668     80.000000000    28.923979000    
364458.575989838 0.100051208     23.085247489    0.287751614     1.123984585     44.000000000    19.901881000    
364458.776199244 0.200209406     19.250613108    0.817450120     0.047778017     71.000000000    42.472404000    
364458.876141690 0.099942446     15.546535645    0.403269933     0.006979161     85.000000000    36.937823000    
364458.976243059 0.100101369     17.259529325    0.377290700     0.017871618     81.000000000    35.002787000    
364459.076430653 0.100187594     16.576550536    0.438463778     0.020050383     86.000000000    32.754470000    
364459.176401185 0.099970532     18.615122446    0.164311717     0.089574850     79.000000000    41.076056000    
364459.376328805 0.199927619     26.672254805    0.880633376     0.055603655     88.000000000    17.538407000    
364459.577652508 0.201323703     26.714645468    0.914871058     0.033077964     82.000000000    39.918671000    
364459.676136070 0.098483562     15.051149477    0.435795720     0.010346469     105.000000000   17.663020000    
364459.776032802 0.099896732     15.630846196    0.486495852     0.030139673     112.000000000   16.933272000    
364459.975861263 0.199828461     25.497244878    0.955688493     0.122175937     93.000000000    13.628305000    
364460.075828185 0.099966922     19.070911461    0.503800577     0.001821461     80.000000000    31.626206000    
364460.176252148 0.100423963     16.402077217    0.506306580     0.010355013     83.000000000    10.511641000    
364460.276064814 0.099812666     19.338290165    0.508511245     0.048428542     83.000000000    42.010967000    
364460.376153410 0.100088596     19.418668317    0.475314266     0.021869083     89.000000000    27.439367000    
364460.476268164 0.100114754     16.673509938    0.519668662     0.010945509     82.000000000    25.524824000    
364460.576339659 0.100071495     16.828039203    0.525823012     0.110405658     89.000000000    17.714072000    
364460.676166813 0.099827153     16.773462585    0.529956936     0.014917156     92.000000000    12.795991000    
364460.776452402 0.100285590     16.562996352    0.536904028     0.008943831     95.000000000    42.697499000    
364460.875942330 0.099489927     17.468972115    0.493115174     0.018822825     105.000000000   41.924671000    
364460.976176281 0.100233951     16.623644168    0.508274780     0.011279598     104.000000000   44.458451000    
364461.076212186 0.100035906     16.947690182    0.505943828     0.038008992     110.000000000   24.130533000    
364461.176018861 0.099806675     18.098005025    0.555404257     0.016607695     71.000000000    15.229291000    
364461.275824687 0.099805826     15.904063319    0.558168882     0.018473974     74.000000000    40.489522000    
364461.376005789 0.100181103     20.150040777    0.541440728     0.025433524     81.000000000    27.240232000    
364461.475902501 0.099896711     20.131950927    0.566673978     0.007465802     83.000000000    13.602323000    
364461.575872612 0.099970111     18.601582550    0.572371479     0.028052302     90.000000000    43.113366000    
364461.675901603 0.100028992     19.868895206    0.584565056     0.033539218     103.000000000   18.386650000    
364461.775904705 0.100003101     16.141038288    0.580585303     0.029653907     91.000000000    14.074338000    
364461.875927650 0.100022945     20.359224396    0.585470364     0.016619707     107.000000000   38.807583000    
364461.976151668 0.100224018     18.270382262    0.580990461     0.032571832     101.000000000   26.851679000    
364462.076323249 0.100171581     20.257212609    0.594788797     0.036395453     101.000000000   16.627202000    
364462.176205958 0.099882709     19.077110172    0.600478677     0.013813803     100.000000000   9.922908000     
364462.276178528 0.099972569     23.543903781    0.605311237     0.011948388     87.000000000    26.848585000    
364462.376099267 0.099920739     16.438341916    0.612011144     0.022836680     69.000000000    11.664828000    
364462.476180894 0.100081627     18.789951232    0.618199168     0.013690752     80.000000000    27.031822000    
364462.576068863 0.099887969     18.408099061    0.622299981     0.016864061     87.000000000    10.424435000    
364462.676059339 0.099990476     17.583417641    0.620123415     0.021468658     90.000000000    15.335701000    
364462.776065129 0.100005790     16.096138261    0.623279751     0.016986298     91.000000000    43.497412000    
364462.876094597 0.100029469     17.000092967    0.576113357     0.024051423     95.000000000    22.959493000    
364462.975906734 0.099812136     16.437504111    0.573701157     0.039262402     96.000000000    26.768954000    
364463.075926797 0.100020064     17.668561943    0.656506879     0.000694594     91.000000000    16.013519000    
364463.178178824 0.102252026     15.717035154    0.661568306     0.039780652     90.000000000    12.828593000    
